 NEE,GPP,Reco,FoliageC
     0.51765096,     0.00000000,     0.51765096,  11.9773235321
     0.35966346,     0.00000000,     0.35966346,  10.3638706207
     0.36565301,     0.00000000,     0.36565301,   9.2865867615
     0.44125843,     0.00000000,     0.44125843,   8.9862861633
     0.43758824,     0.00000000,     0.43758824,   8.4108552933
     0.46947899,     0.00000000,     0.46947899,   8.2134828568
     0.53148597,     0.00000000,     0.53148597,   8.1290645599
     0.46882683,     0.00000000,     0.46882683,   7.6915116310
     0.55350763,     0.00000000,     0.55350763,   7.5514249802
     0.58975828,     0.00000000,     0.58975828,   7.4793620110
     0.46451125,     0.00000000,     0.46451125,   7.1157956123
     0.43163696,     0.00000000,     0.43163696,   6.4571361542
     0.42452282,     0.00000000,     0.42452282,   5.9425859451
     0.43835336,     0.00000000,     0.43835336,   5.5968742371
     0.35047141,     0.00000000,     0.35047141,   5.1935729980
     0.26277849,     0.00000000,     0.26277849,   4.4277753830
     0.26102641,     0.00000000,     0.26102641,   3.8243761063
     0.28734463,     0.00000000,     0.28734463,   3.4378824234
     0.47574782,     0.00000000,     0.47574782,   3.3689303398
     0.56436074,     0.00000000,     0.56436074,   3.3336608410
     0.46394208,     0.00000000,     0.46394208,   3.1877017021
     0.31527042,     0.00000000,     0.31527042,   2.8371763229
     0.30388781,     0.00000000,     0.30388781,   2.5355944633
     0.30162367,     0.00000000,     0.30162367,   2.2723512650
     0.43023685,     0.00000000,     0.43023685,   2.1890964508
     0.47876316,     0.00000000,     0.47876316,   2.1484792233
     0.32858124,     0.00000000,     0.32858124,   1.9585295916
     0.41029009,     0.00000000,     0.41029009,   1.8153381348
     0.42754331,     0.00000000,     0.42754331,   1.6900976896
     0.47305739,     0.00000000,     0.47305739,   1.5904668570
     0.55399531,     0.00000000,     0.55399531,   1.5669814348
     0.45281163,     0.00000000,     0.45281163,   1.4737366438
     0.40719667,     0.00000000,     0.40719667,   1.3218742609
     0.54100156,     0.00000000,     0.54100156,   1.2919292450
     0.25849780,     0.24312407,     0.50162184,   1.2602614164
     0.28318387,     0.23599474,     0.51917857,   1.2312021255
     0.26746562,     0.21109249,     0.47855812,   1.1899666786
     0.25136718,     0.21162356,     0.46299076,   1.1315425634
     0.25808975,     0.27292520,     0.53101492,   1.1361976862
     0.33513311,     0.24137960,     0.57651269,   1.1674902439
     0.30195692,     0.07833766,     0.38029456,   1.0946843624
     0.16558701,     0.11883093,     0.28441796,   0.9638782144
     0.21239090,     0.12422752,     0.33661836,   0.8661930561
     0.20525454,     0.24022330,     0.44547781,   0.8230047226
     0.30452317,     0.25570932,     0.56023252,   0.8547217846
     0.31862476,     0.22857499,     0.54719973,   0.8900650144
     0.31085557,     0.09126122,     0.40211678,   0.8627703190
     0.24940094,     0.22453327,     0.47393423,   0.8446277380
     0.30905831,     0.25812489,     0.56718320,   0.8766306043
     0.37709376,     0.19118905,     0.56828278,   0.9092990160
     0.35955983,     0.15544182,     0.51500160,   0.9053230286
     0.22570267,     0.07974385,     0.30544657,   0.8191714287
     0.13719858,     0.14449470,     0.28169325,   0.7337674499
     0.20429148,     0.23127533,     0.43556678,   0.7016481757
     0.31481990,     0.14061669,     0.45543665,   0.6855906844
     0.29306021,     0.14005847,     0.43311876,   0.6400358677
     0.07444645,     0.25228781,     0.32673422,   0.6160694361
     0.21002714,     0.27951491,     0.48954207,   0.6468383670
     0.29921132,     0.23208247,     0.53129375,   0.6769873500
     0.28400448,     0.20693997,     0.49094445,   0.6659499407
     0.32567459,     0.27198336,     0.59765804,   0.6974484324
     0.40273443,     0.27840382,     0.68113828,   0.7418217063
     0.42854202,     0.27645513,     0.70499718,   0.7857125998
     0.35489511,     0.19326396,     0.54815912,   0.7870650291
     0.28568798,     0.20010422,     0.48579222,   0.7577371597
     0.26578641,     0.18296738,     0.44875377,   0.7296112776
     0.29335600,     0.26459998,     0.55795598,   0.7340775728
     0.36399847,     0.25743872,     0.62143725,   0.7716676593
     0.39929241,     0.26569995,     0.66499239,   0.8122918010
     0.36206627,     0.14279164,     0.50485796,   0.8209297061
     0.22697377,     0.21779826,     0.44477206,   0.8001629114
     0.28576279,     0.21556911,     0.50133193,   0.8023318052
     0.36174315,     0.25598145,     0.61772460,   0.8327482939
     0.52283549,     0.25717905,     0.78001457,   0.8728678823
     0.80419934,     0.24278930,     1.04698861,   0.8905764818
     0.47933275,     0.25138968,     0.73072243,   0.9244577289
     0.47089392,     0.19526249,     0.66615653,   0.9543175101
     0.33834988,     0.18430084,     0.52265072,   0.9202970266
     0.29474020,     0.21660888,     0.51134908,   0.8935010433
     0.18072434,     0.23412770,     0.41485211,   0.8817098737
     0.36880702,     0.23907050,     0.60787743,   0.9112480283
     0.53956002,     0.25184178,     0.79140174,   0.9473589063
     0.47029313,     0.25315207,     0.72344512,   0.9836843610
     0.53434414,     0.25731266,     0.79165673,   1.0210807323
     0.44404781,     0.22427049,     0.66831827,   1.0545226336
     0.37477770,     0.07011546,     0.44489321,   1.0479265451
     0.32116675,     0.29114681,     0.61231363,   0.9906195402
     0.48111191,     0.46294409,     0.94405591,   1.0099670887
     0.55261898,     0.39476261,     0.94738150,   1.0564080477
     0.63942558,     0.41274726,     1.05217290,   1.1237747669
     0.51683450,     0.25439337,     0.77122778,   1.1669621468
     0.58727288,     0.36529055,     0.95256335,   1.2117780447
     0.60931480,     0.30189478,     0.91120970,   1.2639960051
     0.47561094,     0.30641681,     0.78202784,   1.2475097179
     0.52709514,     0.31945249,     0.84654766,   1.2908315659
     0.46316388,     0.28721610,     0.75038004,   1.3295847178
     0.22860289,     0.19788696,     0.42648983,   1.2509132624
     0.41336423,     0.30189604,     0.71526039,   1.2729504108
     0.42640170,     0.28884083,     0.71524256,   1.3150174618
     0.45855206,     0.26236442,     0.72091651,   1.3505830765
     0.65149814,     0.24289468,     0.89439285,   1.3850651979
     0.71159863,     0.26032248,     0.97192109,   1.4186362028
     0.57723576,     0.12783422,     0.70507002,   1.4205014706
     0.44057924,     0.38272879,     0.82330811,   1.3386991024
     0.50681156,     0.40070403,     0.90751553,   1.3422784805
     0.76474524,     0.38904905,     1.15379417,   1.4033396244
     0.85579342,     0.39955738,     1.25535059,   1.4709438086
     0.57044899,     0.35802397,     0.92847300,   1.5063723326
     0.51889360,     0.32829243,     0.84718597,   1.5445095301
     0.46432123,     0.19940419,     0.66372544,   1.5773837566
     0.37256691,     0.28402346,     0.65659034,   1.5717766285
     0.43142381,     0.31511319,     0.74653703,   1.6057264805
     0.49355796,     0.30630413,     0.79986203,   1.6479303837
     0.51225019,     0.31291506,     0.82516533,   1.6905423403
     0.42607105,     0.28042281,     0.70649391,   1.7242723703
     0.48370370,     0.29592678,     0.77963042,   1.7621293068
     0.45883334,     0.28020445,     0.73903775,   1.7797522545
     0.57123649,     0.22154270,     0.79277915,   1.8084275723
     0.66878265,     0.25005642,     0.91883910,   1.8335504532
     0.61643022,     0.26634338,     0.88277370,   1.8634018898
     0.57693446,     0.29117528,     0.86810982,   1.8977339268
     0.59252924,     0.26063949,     0.85316873,   1.9304578304
     0.51979429,     0.27184507,     0.79163927,   1.9608335495
     0.43700248,     0.26963913,     0.70664155,   1.9923939705
     0.56532753,     0.22574535,     0.79107279,   2.0194997787
     0.66239715,     0.21133015,     0.87372738,   2.0401163101
     0.74868822,     0.18739337,     0.93608153,   2.0567514896
     0.83447307,     0.17321840,     1.00769138,   2.0692329407
     0.85903120,     0.15936518,     1.01839638,   2.0791406631
     0.95963895,     0.13421206,     1.09385097,   2.0851781368
     0.98329085,     0.16563763,     1.14892840,   2.0910887718
     0.95739710,     0.18379426,     1.14119148,   2.1025738716
     0.92779857,     0.19891131,     1.12671006,   2.1163129807
     0.88921475,     0.18764703,     1.07686174,   2.1307153702
     0.65547204,     0.20454459,     0.86001664,   2.1440732479
     0.72553921,     0.16961826,     0.89515752,   2.1580269337
     0.86350465,     0.15631105,     1.01981568,   2.1659564972
     0.79940599,     0.16954522,     0.96895123,   2.1736812592
     0.64135623,     0.22075708,     0.86211324,   2.1869320869
     0.52536744,     0.21794413,     0.74331158,   2.2047395706
     0.47118521,     0.19272828,     0.66391349,   2.2209515572
     0.47223958,     0.33278495,     0.80502450,   2.2508294582
     0.63105851,     0.32822016,     0.95927864,   2.2989168167
     0.84926140,     0.25838545,     1.10764694,   2.3365678787
     0.99942565,     0.17117932,     1.17060483,   2.3550882339
     0.85481244,     0.21856351,     1.07337594,   2.3691022396
     0.99774152,     0.17303741,     1.17077875,   2.3830983639
     0.93443877,     0.18643561,     1.12087440,   2.3932027817
     0.89848179,     0.17180470,     1.07028663,   2.4031703472
     0.82022673,     0.19496636,     1.01519310,   2.4128580093
     0.90183586,     0.14356063,     1.04539657,   2.4208843708
     1.02944279,     0.13806631,     1.16750920,   2.4222133160
     0.84268785,     0.18998486,     1.03267288,   2.4279751778
     0.70828742,     0.19647920,     0.90476656,   2.4405634403
     0.87962538,     0.21142679,     1.09105241,   2.4571709633
     0.94469821,     0.14973256,     1.09443092,   2.4666805267
     1.02183735,     0.11086586,     1.13270319,   2.4659056664
     0.94241816,     0.15335804,     1.09577620,   2.4657962322
     0.86679572,     0.16786498,     1.03466070,   2.4713666439
     0.87249732,     0.18153930,     1.05403650,   2.4803869724
     0.95302367,     0.14788657,     1.10091031,   2.4870002270
     1.00278020,     0.12056717,     1.12334728,   2.4863822460
     1.00007296,     0.09590677,     1.09597969,   2.4814610481
     0.85345668,     0.15537019,     1.00882685,   2.4793834686
     0.81800574,     0.14840730,     0.96641302,   2.4820339680
     0.93999636,     0.10635730,     1.04635370,   2.4804546833
     0.63732195,     0.20971064,     0.84703255,   2.4834954739
     0.69308966,     0.17274158,     0.86583132,   2.4950554371
     0.85015690,     0.11945789,     0.96961480,   2.4975121021
     0.95374548,     0.10255549,     1.05630088,   2.4926297665
     0.80023110,     0.14464377,     0.94487488,   2.4897375107
     0.56129235,     0.12545964,     0.68675202,   2.4892902374
     0.88591737,     0.07009805,     0.95601541,   2.4816586971
     0.79333252,     0.12368659,     0.91701907,   2.4742147923
     0.80077231,     0.11966756,     0.92043990,   2.4702765942
     0.69595468,     0.14045569,     0.83641040,   2.4693522453
     0.87915629,     0.06479440,     0.94395083,   2.4627428055
     0.93280244,     0.07274741,     1.00554979,   2.4494118690
     1.00939655,     0.07498539,     1.08438182,   2.4376113415
     0.87270820,     0.09337556,     0.96608371,   2.4270377159
     0.80302310,     0.09805670,     0.90107977,   2.4194431305
     0.73146766,     0.11242175,     0.84388947,   2.4141240120
     0.89939570,     0.10284632,     1.00224197,   2.4079837799
     1.27202535,     0.09320796,     1.36523330,   2.4015457630
     0.84227562,     0.09372254,     0.93599802,   2.3924937248
     1.29719782,     0.11711242,     1.41431022,   2.3882706165
     2.38220286,     0.36142072,     2.74362350,   2.4232571125
     1.35368145,     0.26446143,     1.61814272,   2.4705843925
     1.09380221,     0.20157477,     1.29537702,   2.4955360889
     0.93883240,     0.16718721,     1.10601974,   2.5075681210
     0.87662828,     0.15232471,     1.02895296,   2.5139822960
     0.96655262,     0.20174961,     1.16830218,   2.5217692852
     1.16093004,     0.26397711,     1.42490745,   2.5533523560
     0.89081776,     0.24335912,     1.13417685,   2.5821478367
     0.77983463,     0.15624173,     0.93607640,   2.5992987156
     0.88770425,     0.11699008,     1.00469422,   2.6013891697
     0.95041460,     0.21784264,     1.16825724,   2.6123316288
     0.85007888,     0.14670362,     0.99678254,   2.6243064404
     0.86197978,     0.09463184,     0.95661151,   2.6229467392
     0.87375659,     0.14496332,     1.01871991,   2.6195547581
     0.96169704,     0.12541746,     1.08711457,   2.6239938736
     0.91784060,     0.09535579,     1.01319635,   2.6208693981
     0.96079445,     0.07520476,     1.03599918,   2.6117000580
     0.88222396,     0.10575731,     0.98798120,   2.6032161713
     1.18201137,     0.22808102,     1.41009247,   2.6164484024
     1.26102686,     0.31876493,     1.57979178,   2.6543042660
     0.90977955,     0.30355182,     1.21333158,   2.7027409077
     0.64677823,     0.40810403,     1.05488229,   2.7540662289
     0.92142135,     0.21356554,     1.13498688,   2.8089795113
     0.86242902,     0.14562118,     1.00805020,   2.8214552402
     0.53910857,     0.24750537,     0.78661382,   2.8337914944
     0.42053470,     0.22829555,     0.64883024,   2.8550293446
     0.49598920,     0.19472811,     0.69071728,   2.8719742298
     0.52812332,     0.14581046,     0.67393380,   2.8781661987
     0.58755988,     0.12114321,     0.70870310,   2.8769898415
     0.62432420,     0.08586250,     0.71018672,   2.8690834045
     0.58851945,     0.13153984,     0.72005928,   2.8615834713
     0.56980389,     0.12248436,     0.69228828,   2.8577339649
     0.56525779,     0.11086763,     0.67612541,   2.8519680500
     0.50903493,     0.11444970,     0.62348455,   2.8450086117
     0.50565475,     0.15395822,     0.65961295,   2.8426461220
     0.71469671,     0.19024359,     0.90494031,   2.8548500538
     0.97722900,     0.26382115,     1.24105024,   2.8777976036
     0.62378538,     0.19492978,     0.81871516,   2.9011144638
     0.62505788,     0.14665781,     0.77171570,   2.9092969894
     0.55458748,     0.12957615,     0.68416357,   2.9089078903
     0.93623769,     0.27913865,     1.21537638,   2.9289100170
     0.73432636,     0.27872360,     1.01305008,   2.9711699486
     0.89499903,     0.27781737,     1.17281651,   3.0160393715
     1.12573791,     0.31187961,     1.43761754,   3.0647649765
     1.75218856,     0.35894662,     2.11113548,   3.1207659245
     1.89107096,     0.39900431,     2.29007530,   3.1898500919
     1.37460184,     0.36390233,     1.73850429,   3.2593679428
     1.90807235,     0.34332097,     2.25139332,   3.3142902851
     1.56707358,     0.16931918,     1.73639321,   3.3451128006
     0.75008726,     0.15822259,     0.90830994,   3.3480095863
     0.62902004,     0.17424585,     0.80326575,   3.3520677090
     0.70021141,     0.17967586,     0.87988722,   3.3621244431
     0.64674997,     0.14792341,     0.79467344,   3.3660304546
     0.57766682,     0.11191840,     0.68958533,   3.3622488976
     0.47027034,     0.13298732,     0.60325772,   3.3550267220
     0.52825773,     0.11808415,     0.64634180,   3.3487951756
     0.46749443,     0.13098615,     0.59848052,   3.3410942554
     0.27438858,     0.21185470,     0.48624328,   3.3440017700
     0.26871544,     0.17378555,     0.44250104,   3.3525896072
     0.25550038,     0.18568216,     0.44118255,   3.3583996296
     0.27155316,     0.25210857,     0.52366173,   3.3710460663
     0.49182189,     0.32209668,     0.81391847,   3.4145233631
     0.47960323,     0.32784283,     0.80744618,   3.4595360756
     0.30683094,     0.23813671,     0.54496765,   3.4928617477
     0.23920667,     0.26787266,     0.50707930,   3.5187332630
     0.40524012,     0.19378556,     0.59902561,   3.5396409035
     0.60874927,     0.17337996,     0.78212917,   3.5473337173
     0.39813566,     0.19310719,     0.59124285,   3.5540220737
     0.32167587,     0.13488843,     0.45656428,   3.5567758083
     0.37970400,     0.11679541,     0.49649942,   3.5494928360
     0.39047447,     0.10700511,     0.49747959,   3.5385746956
     0.35180831,     0.13787366,     0.48968190,   3.5296778679
     0.36213616,     0.11489190,     0.47702798,   3.5216619968
     0.37631625,     0.10032363,     0.47663990,   3.5094907284
     0.37601793,     0.09282598,     0.46884394,   3.4948883057
     0.36605912,     0.10138985,     0.46744898,   3.4806036949
     0.19971633,     0.18188150,     0.38159779,   3.4752857685
     0.20754489,     0.16793691,     0.37548178,   3.4797341824
     0.23488642,     0.13375056,     0.36863703,   3.4784555435
     0.29139650,     0.10062767,     0.39202422,   3.4688487053
     0.31669763,     0.08804843,     0.40474606,   3.4546947479
     0.22239473,     0.13969430,     0.36208901,   3.4444382191
     0.16144821,     0.13854669,     0.29999489,   3.4389157295
     0.21361735,     0.10335658,     0.31697395,   3.4306645393
     0.23206365,     0.10803596,     0.34009966,   3.4183666706
     0.20927440,     0.10204397,     0.31131834,   3.4066903591
     0.29366493,     0.07968047,     0.37334546,   3.3918523788
     0.26915213,     0.10011410,     0.36926627,   3.3767180443
     0.26787826,     0.11527827,     0.38315657,   3.3657920361
     0.40511897,     0.11511441,     0.52023339,   3.3612329960
     0.28706893,     0.15507323,     0.44214216,   3.3588578701
     0.29328564,     0.13462159,     0.42790723,   3.3584771156
     0.18591264,     0.10222181,     0.28813443,   3.3506309986
     0.15839833,     0.16681761,     0.32521594,   3.3493947983
     0.11506297,     0.18254928,     0.29761228,   3.3600482941
     0.19986725,     0.12062150,     0.32048878,   3.3647503853
     0.16581471,     0.27565750,     0.44147220,   3.3843536377
     0.21570766,     0.17706898,     0.39277670,   3.4069273472
     0.18441474,     0.28399613,     0.46841091,   3.4385972023
     0.26457840,     0.25588903,     0.52046746,   3.4787297249
     0.27635485,     0.08917664,     0.36553153,   3.4156079292
     0.15220717,     0.12074231,     0.27294949,   3.0301268101
     0.16980970,     0.11920979,     0.28901950,   2.8201971054
     0.19173388,     0.10148753,     0.29322144,   2.8189175129
     0.17618792,     0.10281489,     0.27900285,   2.8199324608
     0.04589829,     0.25580689,     0.30170515,   2.8316681385
     0.14474030,     0.24973504,     0.39447537,   2.8682880402
     0.19611758,     0.24842164,     0.44453922,   2.9085619450
     0.17622772,     0.22395782,     0.40018561,   2.9448063374
     0.16372469,     0.17918932,     0.34291402,   2.9700851440
     0.18367201,     0.08209127,     0.26576328,   2.9763398170
     0.12839216,     0.17769422,     0.30608636,   2.9828276634
     0.15029694,     0.16069725,     0.31099418,   2.9967279434
     0.17562763,     0.15193002,     0.32755765,   3.0064585209
     0.18101008,     0.14659117,     0.32760125,   3.0143604279
     0.20398876,     0.14114797,     0.34513664,   3.0209217072
     0.18745926,     0.11731127,     0.30477053,   3.0230689049
     0.18471056,     0.04040763,     0.22511822,   2.8300838470
     0.26526120,     0.00000000,     0.26526120,   2.5450398922
     0.30856767,     0.00000000,     0.30856767,   2.4810559750
     0.30468208,     0.00000000,     0.30468208,   2.4588594437
     0.26749447,     0.00000000,     0.26749447,   2.4120998383
     0.30037019,     0.00000000,     0.30037019,   2.3872947693
     0.27565384,     0.00000000,     0.27565384,   2.3659126759
     0.21169452,     0.00000000,     0.21169452,   2.2686438560
     0.18286827,     0.00000000,     0.18286827,   2.1858942509
     0.18812336,     0.00000000,     0.18812336,   1.9826387167
     0.21740329,     0.00000000,     0.21740329,   1.8455538750
     0.17394099,     0.00000000,     0.17394099,   1.7237744331
     0.14627980,     0.00000000,     0.14627980,   1.4824399948
     0.15438543,     0.00000000,     0.15438543,   1.2853138447
     0.19977394,     0.00000000,     0.19977394,   1.1599366665
     0.23463555,     0.00000000,     0.23463555,   1.1307555437
     0.23881561,     0.00000000,     0.23881561,   1.0798223019
     0.21682671,     0.00000000,     0.21682671,   1.0501600504
     0.15969825,     0.00000000,     0.15969825,   0.9356262684
     0.17393272,     0.00000000,     0.17393272,   0.8336141109
     0.17980073,     0.00000000,     0.17980073,   0.7646347880
     0.18660718,     0.00000000,     0.18660718,   0.7067932487
     0.17680494,     0.00000000,     0.17680494,   0.6776776314
     0.20248163,     0.00000000,     0.20248163,   0.6669237018
     0.21706903,     0.00000000,     0.21706903,   0.6560848951
     0.17999390,     0.00000000,     0.17999390,   0.6139814258
     0.15553540,     0.00000000,     0.15553540,   0.5499715805
     0.17718223,     0.00000000,     0.17718223,   0.5047729015
     0.20143217,     0.00000000,     0.20143217,   0.4978334904
     0.21490286,     0.00000000,     0.21490286,   0.4933377802
     0.21252854,     0.00000000,     0.21252854,   0.4887631238
     0.18770131,     0.00000000,     0.18770131,   0.4708059728
     0.13555193,     0.00000000,     0.13555193,   0.4167612493
     0.12487615,     0.00000000,     0.12487615,   0.3569301367
     0.11888692,     0.00000000,     0.11888692,   0.3115212619
     0.14628293,     0.00000000,     0.14628293,   0.2799843550
     0.15376332,     0.00000000,     0.15376332,   0.2615296841
     0.12909321,     0.00000000,     0.12909321,   0.2267842889
     0.11244497,     0.00000000,     0.11244497,   0.2010545880
     0.11018599,     0.00000000,     0.11018599,   0.1814694703
     0.10545625,     0.00000000,     0.10545625,   0.1638130546
     0.13969217,     0.00000000,     0.13969217,   0.1581596881
     0.16582875,     0.00000000,     0.16582875,   0.1496967226
     0.15246397,     0.00000000,     0.15246397,   0.1384138465
     0.11670663,     0.00000000,     0.11670663,   0.1242361292
     0.14803956,     0.00000000,     0.14803956,   0.1177808195
     0.16826794,     0.00000000,     0.16826794,   0.1156703234
     0.16320080,     0.00000000,     0.16320080,   0.1123603731
     0.17236003,     0.00000000,     0.17236003,   0.1087902486
     0.17283867,     0.00000000,     0.17283867,   0.1030227020
     0.14837182,     0.00000000,     0.14837182,   0.0941831619
     0.17031989,     0.00000000,     0.17031989,   0.0896644294
     0.18087278,     0.00000000,     0.18087278,   0.0880863965
     0.13086776,     0.00000000,     0.13086776,   0.0800134465
     0.16029996,     0.00000000,     0.16029996,   0.0759539381
     0.14286643,     0.00000000,     0.14286643,   0.0717170238
     0.13380034,     0.00000000,     0.13380034,   0.0661294386
     0.15174983,     0.00000000,     0.15174983,   0.0588126443
     0.13204637,     0.00000000,     0.13204637,   0.0496571921
     0.12410551,     0.00000000,     0.12410551,   0.0410824940
     0.12193802,     0.00000000,     0.12193802,   0.0339789018
     0.11994699,     0.00000000,     0.11994699,   0.0287566874
     0.12969919,     0.00000000,     0.12969919,   0.0234260242
     0.13389833,     0.00000000,     0.13389833,   0.0181279834
     0.13307284,     0.00000000,     0.13307284,   0.0143942675
     0.12500827,     0.00000000,     0.12500827,   0.0118591534
     0.14047807,     0.00000000,     0.14047807,   0.0104173850
     0.19046696,     0.00000000,     0.19046696,   0.0099711949
     0.18283436,     0.00000000,     0.18283436,   0.0091320667
     0.17602140,     0.00000000,     0.17602140,   0.0084398398
     0.16184783,     0.00000000,     0.16184783,   0.0074321032
     0.19193840,     0.00000000,     0.19193840,   0.0070598060
     0.16727452,     0.00000000,     0.16727452,   0.0067273304
     0.15020722,     0.00000000,     0.15020722,   0.0059853331
     0.13088663,     0.00000000,     0.13088663,   0.0050767385
     0.14692692,     0.00000000,     0.14692692,   0.0042393617
     0.17106004,     0.00000000,     0.17106004,   0.0037603192
     0.19366914,     0.00000000,     0.19366914,   0.0034867208
     0.19114771,     0.00000000,     0.19114771,   0.0031449778
     0.19389449,     0.00000000,     0.19389449,   0.0028758729
     0.16438735,     0.00000000,     0.16438735,   0.0024352751
     0.16880003,     0.00000000,     0.16880003,   0.0021179325
     0.20449063,     0.00000000,     0.20449063,   0.0018845194
     0.15146320,     0.00000000,     0.15146320,   0.0015458193
     0.12141056,     0.00000000,     0.12141056,   0.0011576371
     0.11195680,     0.00000000,     0.11195680,   0.0008514641
     0.10261012,     0.00000000,     0.10261012,   0.0005194211
     0.10608707,     0.00000000,     0.10608707,   0.0001827472
     0.13757904,     0.00000000,     0.13757904,   0.0000061309
     0.12769960,     0.00000000,     0.12769960,   0.0000000000
     0.10210551,     0.00000000,     0.10210551,   0.0000000000
     0.10161806,     0.00000000,     0.10161806,   0.0000000000
     0.14091289,     0.00000000,     0.14091289,   0.0000000000
     0.14809451,     0.00000000,     0.14809451,   0.0000000000
     0.17192703,     0.00000000,     0.17192703,   0.0000000000
     0.19465868,     0.00000000,     0.19465868,   0.0000000000
     0.20131466,     0.00000000,     0.20131466,   0.0000000000
     0.19746131,     0.00000000,     0.19746131,   0.0000000000
     0.18268162,     0.00000000,     0.18268162,   0.0000000000
     0.14192548,     0.00000000,     0.14192548,   0.0000000000
     0.10514519,     0.00000000,     0.10514519,   0.0000000000
     0.09605338,     0.00000000,     0.09605338,   0.0000000000
     0.13089707,     0.00000000,     0.13089707,   0.0000000000
     0.14592439,     0.00000000,     0.14592439,   0.0000000000
     0.14297378,     0.00000000,     0.14297378,   0.0000000000
     0.16657454,     0.00000000,     0.16657454,   0.0000000000
    -0.18822971,     0.41957372,     0.23134401,   0.0442460664
    -0.20313950,     0.45916262,     0.25602311,   0.1399541050
    -0.09562395,     0.31911325,     0.22348933,   0.2229741812
    -0.08738642,     0.24894862,     0.16156222,   0.2600918412
     0.04752520,     0.05465966,     0.10218488,   0.2574772835
     0.00750059,     0.08211807,     0.08961866,   0.2328532487
    -0.19261965,     0.31342179,     0.12080215,   0.2418788075
    -0.13220154,     0.27160046,     0.13939889,   0.2807136476
    -0.16063289,     0.33782753,     0.17719463,   0.3371901512
    -0.19646551,     0.35015553,     0.15369003,   0.3817285001
    -0.26333928,     0.39756131,     0.13422200,   0.4248306155
    -0.27013445,     0.46359184,     0.19345739,   0.5032339692
    -0.21065584,     0.42915425,     0.21849838,   0.5883705020
    -0.18313736,     0.41704839,     0.23391102,   0.6718239188
    -0.12879400,     0.43337971,     0.30458575,   0.7549899220
    -0.16808526,     0.42446437,     0.25637913,   0.8378409147
    -0.19252089,     0.38365558,     0.19113468,   0.8714624643
     0.04924303,     0.05342040,     0.10266344,   0.8186702132
     0.02026583,     0.06260672,     0.08287254,   0.7084570527
    -0.05830538,     0.16343758,     0.10513219,   0.6261795163
    -0.39353940,     0.54873949,     0.15520000,   0.6348336339
    -0.29720378,     0.55327749,     0.25607362,   0.7530431747
    -0.25479689,     0.51771545,     0.26291862,   0.8686771393
    -0.23568670,     0.49570662,     0.26001990,   0.9364935160
    -0.10940003,     0.31708822,     0.20768818,   0.9736324549
    -0.17986721,     0.37725362,     0.19738644,   0.9895670414
    -0.07894120,     0.28174934,     0.20280814,   1.0506833792
    -0.30717012,     0.56449765,     0.25732744,   1.1214392185
    -0.07244026,     0.27123874,     0.19879851,   1.1065715551
    -0.28277776,     0.54691410,     0.26413628,   1.0791865587
    -0.31072700,     0.59472352,     0.28399655,   1.1209890842
    -0.32828465,     0.61779022,     0.28950551,   1.1796679497
    -0.28602287,     0.58326280,     0.29723993,   1.2634003162
    -0.13919808,     0.46181825,     0.32262021,   1.3616123199
    -0.14481434,     0.58488590,     0.44007155,   1.3800749779
    -0.06613272,     0.30297759,     0.23684487,   1.4357428551
    -0.25385219,     0.55101269,     0.29716054,   1.5131766796
    -0.31213886,     0.69832367,     0.38618478,   1.6336812973
    -0.28836408,     0.72246039,     0.43409628,   1.7897081375
    -0.33226746,     0.69662827,     0.36436087,   1.9405900240
    -0.30135003,     0.68688756,     0.38553759,   2.0430586338
    -0.13004859,     0.55835742,     0.42830887,   2.1672515869
    -0.11568416,     0.48387119,     0.36818701,   2.2673799992
    -0.18438238,     0.56596392,     0.38158152,   2.3648164272
    -0.10557020,     0.36809435,     0.26252416,   2.3545176983
    -0.02037630,     0.19902806,     0.17865175,   2.1688814163
    -0.37754375,     0.57060325,     0.19305949,   2.0168204308
    -0.28363538,     0.52504605,     0.24141073,   2.1093752384
    -0.32324386,     0.57902396,     0.25578019,   2.2143445015
    -0.24918565,     0.54397136,     0.29478568,   2.3186278343
    -0.22040838,     0.52966177,     0.30925336,   2.4152452946
    -0.20709692,     0.51266980,     0.30557287,   2.5083699226
    -0.15455535,     0.47628668,     0.32173130,   2.5932374001
    -0.07916597,     0.40672618,     0.32756025,   2.6663472652
    -0.10648170,     0.39099765,     0.28451598,   2.7266221046
    -0.16602065,     0.50087327,     0.33485258,   2.7961316109
    -0.05615529,     0.26831904,     0.21216372,   2.7085173130
    -0.11722526,     0.32199109,     0.20476586,   2.5677657127
    -0.03604980,     0.23818356,     0.20213376,   2.4242658615
    -0.30879882,     0.62123919,     0.31244045,   2.3084034920
    -0.21331556,     0.51570332,     0.30238777,   2.4059896469
    -0.12843278,     0.51252323,     0.38409051,   2.5022382736
    -0.08833630,     0.39035270,     0.30201638,   2.5818574429
    -0.34364218,     0.78088051,     0.43723837,   2.6995873451
    -0.20549482,     0.66008490,     0.45459005,   2.8529603481
    -0.04444777,     0.52879328,     0.48434541,   2.9692728519
    -0.06072364,     0.52822137,     0.46749771,   3.0655009747
    -0.20221204,     0.55800903,     0.35579696,   3.1614449024
    -0.14370514,     0.45689067,     0.31318554,   3.2459094524
    -0.42748120,     0.85535955,     0.42787838,   3.3818840981
    -0.35147902,     0.83219886,     0.48071980,   3.5554385185
    -0.39171958,     0.79750741,     0.40578780,   3.7125289440
    -0.28897640,     0.79981071,     0.51083428,   3.8848011494
    -0.22708155,     0.76635087,     0.53926933,   4.0417118073
    -0.46006781,     0.95027590,     0.49020815,   4.2022914886
    -0.44405559,     0.77603763,     0.33198211,   4.3539714813
    -0.42946056,     0.84572488,     0.41626433,   4.5039734840
    -0.44193724,     0.76408625,     0.32214901,   4.6335787773
    -0.44473290,     0.81688344,     0.37215057,   4.7720203400
    -0.44742942,     0.77556866,     0.32813922,   4.8971142769
    -0.37877628,     0.74971759,     0.37094137,   5.0231361389
    -0.36764809,     0.73555213,     0.36790404,   5.1338768005
    -0.45546630,     0.82613844,     0.37067232,   5.2477889061
    -0.42100504,     0.71532899,     0.29432398,   5.3694000244
    -0.39343327,     0.70926088,     0.31582761,   5.3991870880
    -0.34167454,     0.63064831,     0.28897384,   5.2447266579
    -0.99996114,     1.38981736,     0.38985586,   5.3701238632
    -1.00980222,     1.53846586,     0.52866375,   5.7002391815
    -0.62166351,     1.29553127,     0.67386776,   6.0215196609
    -0.21726045,     1.05980134,     0.84254086,   6.2581071854
    -0.53138405,     1.09811068,     0.56672662,   6.4492239952
    -0.52887028,     1.08413661,     0.55526620,   6.6353068352
    -0.66586244,     1.22446060,     0.55859822,   6.8288607597
    -0.79741025,     1.28591418,     0.48850384,   7.0347971916
    -0.75430369,     1.18442678,     0.43012321,   7.2364735603
    -0.79999417,     1.21893191,     0.41893789,   7.4257922173
    -0.93733203,     1.26742256,     0.33009046,   7.5831956863
    -0.87546843,     1.29056764,     0.41509920,   7.7871417999
    -0.81206042,     1.22275996,     0.41069949,   7.9764418602
    -0.81597006,     1.26191604,     0.44594598,   8.1759395599
    -0.62994456,     1.09222746,     0.46228299,   8.3493957520
    -0.58625573,     1.10318780,     0.51693207,   8.5018720627
    -0.48010284,     1.12881923,     0.64871645,   8.6524772644
    -0.71908671,     1.18532193,     0.46623513,   8.8051605225
    -0.87936926,     1.23241782,     0.35304847,   8.9704179764
    -0.86491269,     1.25331795,     0.38840517,   9.1424417496
    -0.62271953,     1.14262640,     0.51990694,   9.2992849350
    -0.48997828,     0.92709774,     0.43711939,   9.4327287674
    -1.15751755,     1.68961143,     0.53209394,   9.6174964905
    -0.60430640,     1.17462862,     0.57032216,   9.8432950974
    -0.60265964,     1.35002303,     0.74736339,  10.0123453140
    -0.99043852,     1.46532786,     0.47488937,  10.2051553726
    -0.71524221,     1.16691518,     0.45167288,  10.3898973465
    -0.56662756,     1.03890336,     0.47227556,  10.5197477341
    -0.36952555,     0.84719300,     0.47766748,  10.6051263809
    -0.84784150,     1.32354689,     0.47570544,  10.7176485062
    -0.90757501,     1.25287747,     0.34530243,  10.8646593094
    -0.46707872,     0.85002929,     0.38295069,  10.9804382324
    -0.74552715,     1.17320800,     0.42768094,  11.0742349625
    -0.66254348,     1.09096158,     0.42841795,  11.1924467087
    -0.28865907,     0.74279588,     0.45413676,  11.2658395767
    -0.62788188,     1.11904240,     0.49116057,  11.3376016617
    -0.49306533,     1.07314038,     0.58007503,  11.4433059692
    -0.47266331,     0.88841230,     0.41574898,  11.5314159393
    -0.95218623,     1.64444816,     0.69226205,  11.7219467163
    -0.64876157,     1.28044474,     0.63168329,  11.9368438721
    -0.33401212,     0.92082280,     0.58681077,  12.0539588928
    -0.48399386,     1.07226145,     0.58826751,  12.1484775543
    -0.75956917,     1.27262354,     0.51305449,  12.2644205093
    -0.70713651,     1.16920269,     0.46206626,  12.3868055344
    -0.63631821,     1.06877077,     0.43245250,  12.4913253784
    -0.35895094,     0.80463076,     0.44567978,  12.5532035828
    -0.31733954,     0.78723055,     0.46989098,  12.5853080750
    -0.56297320,     1.07949543,     0.51652217,  12.6344337463
    -0.36228159,     0.88284266,     0.52056116,  12.7289438248
    -0.55360872,     1.33345592,     0.77984715,  12.8597307205
    -0.23918393,     0.90731609,     0.66813201,  12.9799318314
    -0.70225078,     1.26349759,     0.56124675,  13.0816917419
    -0.47957519,     0.99877298,     0.51919788,  13.1781787872
    -0.09627755,     0.73035896,     0.63408154,  13.2224941254
    -0.09102640,     0.60380322,     0.51277685,  13.2259206772
    -0.24224275,     0.73636204,     0.49411932,  13.2227096558
    -0.76777315,     1.26072001,     0.49294692,  13.3006172180
    -1.16275954,     1.68771863,     0.52495927,  13.4800949097
    -0.56718093,     1.08482707,     0.51764596,  13.6497268677
    -0.29250807,     0.79815918,     0.50565124,  13.7163448334
    -0.27175733,     0.77051777,     0.49876046,  13.7397060394
    -0.30394924,     0.75835252,     0.45440325,  13.7533187866
    -0.19599108,     0.64574951,     0.44975829,  13.7543468475
    -0.13442573,     0.58602947,     0.45160371,  13.7389497757
    -0.20813821,     0.67345065,     0.46531245,  13.7233123779
    -0.18855472,     0.95362931,     0.76507467,  13.7751016617
     0.41524875,     0.75604379,     1.17129254,  13.8322029114
     0.35576135,     1.21688426,     1.57264566,  13.9369220734
     0.04124951,     0.78794789,     0.82919759,  14.0361747742
    -0.09581213,     0.78611106,     0.69029880,  14.0652761459
     0.02026586,     0.58433795,     0.60460377,  14.0740833282
    -0.22387087,     0.71502304,     0.49115211,  14.0699520111
    -0.75053400,     1.36958754,     0.61905348,  14.1494550705
    -0.70891416,     1.23366094,     0.52474684,  14.2746629715
    -0.38852140,     0.87202471,     0.48350331,  14.3468570709
    -0.44951752,     0.90199733,     0.45247981,  14.3778038025
    -0.40093857,     0.85608739,     0.45514885,  14.4055433273
    -0.45861563,     0.93318826,     0.47457251,  14.4521093369
    -0.48574096,     1.05655563,     0.57081467,  14.4974985123
    -0.38328841,     1.02404106,     0.64075255,  14.6082248688
    -0.19004741,     0.77626199,     0.58621448,  14.6568031311
    -0.13081260,     0.67560375,     0.54479110,  14.6610689163
    -0.12996446,     0.64069134,     0.51072699,  14.6449909210
    -0.20352861,     0.79609770,     0.59256929,  14.6453638077
     0.04798900,     0.74456471,     0.79255372,  14.6736221313
    -0.21336405,     0.96988642,     0.75652236,  14.7309017181
    -0.28734532,     0.87983054,     0.59248519,  14.7807683945
    -0.43435431,     0.95593423,     0.52158004,  14.8283624649
    -0.06406365,     0.54714775,     0.48308402,  14.8428487778
    -0.11236656,     0.57435131,     0.46198475,  14.8048706055
    -0.20517361,     0.64177108,     0.43659747,  14.7813510895
    -0.12258617,     0.54121703,     0.41863081,  14.7516441345
    -0.17653666,     0.61844802,     0.44191131,  14.7135229111
    -0.06467143,     0.48604491,     0.42137355,  14.6764240265
    -0.13190779,     0.52565777,     0.39374995,  14.6253795624
    -0.32729149,     0.71639520,     0.38910368,  14.6016969681
    -0.12461185,     0.56118858,     0.43657675,  14.5762615204
    -0.07178539,     0.49981388,     0.42802843,  14.5391464233
    -0.00087564,     0.43057877,     0.42970315,  14.4873600006
     0.09042125,     0.33611739,     0.42653868,  14.4159584045
     0.07997025,     0.35248542,     0.43245566,  14.3373537064
     0.01405115,     0.41019136,     0.42424250,  14.2673788071
    -0.32128441,     0.71405321,     0.39276877,  14.2306537628
    -0.20026006,     0.55712330,     0.35686323,  14.2097024918
    -0.17012420,     0.55397666,     0.38385248,  14.1755886078
    -0.06839107,     0.45930874,     0.39091769,  14.1418485641
     0.13134842,     0.28806910,     0.41941753,  14.0718975067
     0.14957118,     0.29282245,     0.44239357,  13.9864635468
    -0.28793982,     0.66391158,     0.37597176,  13.9359579086
    -0.09771217,     0.45503452,     0.35732231,  13.9029769897
     0.08360746,     0.29167017,     0.37527764,  13.8335952759
    -0.00368230,     0.42514166,     0.42145938,  13.7603406906
     0.06100138,     0.46699879,     0.52800018,  13.7041845322
     0.03995762,     0.34068376,     0.38064134,  13.6431350708
     0.10254538,     0.28279823,     0.38534370,  13.5631370544
     0.13941886,     0.24414897,     0.38356778,  13.4753732681
     0.07528851,     0.29587644,     0.37116498,  13.3888025284
     0.12506329,     0.25098339,     0.37604663,  13.3036193848
     0.11745527,     0.25033632,     0.36779156,  13.2145586014
     0.08374441,     0.30322346,     0.38696784,  13.1329879761
    -0.07152264,     0.49247187,     0.42094919,  13.0844640732
     0.03027007,     0.36631781,     0.39658782,  13.0374250412
    -0.00275133,     0.39210537,     0.38935405,  12.9789161682
     0.05574242,     0.34115690,     0.39689931,  12.9194869995
    -0.01233987,     0.39020288,     0.37786305,  12.8585710526
    -0.11565521,     0.40653127,     0.29087609,  12.8019666672
    -0.02092530,     0.34498987,     0.32406458,  12.7432985306
    -0.17345078,     0.48790762,     0.31445682,  12.6923274994
    -0.10431639,     0.41101736,     0.30670094,  12.6470642090
     0.04216226,     0.27347609,     0.31563833,  12.5818481445
     0.06764598,     0.25749901,     0.32514498,  12.5042619705
     0.06449565,     0.25735080,     0.32184643,  12.4236173630
    -0.02742289,     0.34167391,     0.31425107,  12.3535327911
     0.00695130,     0.31616014,     0.32311144,  12.2895174026
    -0.01809241,     0.32183221,     0.30373973,  12.2246065140
     0.02561406,     0.26665694,     0.29227099,  12.1547555923
     0.00705596,     0.28463799,     0.29169393,  12.0827484131
     0.06676896,     0.22633320,     0.29310215,  12.0063962936
     0.05709355,     0.24166794,     0.29876149,  11.9278974533
     0.04503898,     0.25899893,     0.30403790,  11.8521537781
    -0.02019540,     0.30697250,     0.28677708,  11.7827911377
     0.05290481,     0.26037800,     0.31328279,  11.7148742676
     0.01196020,     0.29190141,     0.30386162,  11.6450643539
    -0.22007899,     0.66202152,     0.44194254,  11.6229867935
    -0.10385039,     0.60342926,     0.49957886,  11.6596794128
    -0.10727087,     0.46563116,     0.35836032,  11.6603069305
    -0.12289703,     0.47099802,     0.34810096,  11.6500349045
    -0.22765383,     0.68987286,     0.46221906,  11.6810150146
    -0.22354615,     0.61152637,     0.38798022,  11.7113237381
    -0.20730253,     0.54100078,     0.33369830,  11.7140283585
    -0.09293932,     0.43892655,     0.34598726,  11.7028770447
    -0.07686080,     0.42725477,     0.35039401,  11.6777372360
    -0.08473043,     0.37094229,     0.28621185,  11.5942783356
    -0.05796608,     0.24009256,     0.18212652,  10.7037401199
    -0.09909454,     0.31042394,     0.21132943,  10.2482519150
    -0.03375775,     0.27803633,     0.24427854,  10.1847877502
    -0.00101099,     0.26125473,     0.26024374,  10.1356172562
    -0.03322789,     0.28317234,     0.24994442,  10.0865993500
    -0.03281214,     0.25977010,     0.22695798,  10.0326766968
    -0.02190095,     0.25969970,     0.23779878,   9.9804935455
    -0.01147143,     0.26099181,     0.24952035,   9.9297504425
    -0.03100599,     0.24266256,     0.21165656,   9.8559284210
    -0.01867323,     0.23038751,     0.21171425,   9.7930021286
    -0.01060158,     0.18115540,     0.17055380,   9.3756160736
    -0.02663211,     0.20049959,     0.17386745,   9.0988512039
    -0.01372936,     0.21177275,     0.19804336,   9.0124273300
     0.08128952,     0.07890240,     0.16019191,   8.4904098511
    -0.03199922,     0.21124825,     0.17924903,   7.5640563965
     0.00495782,     0.20604745,     0.21100526,   7.4642763138
     0.06169388,     0.13099048,     0.19268435,   7.3856945038
     0.06610715,     0.08178359,     0.14789072,   6.6484704018
     0.08583125,     0.05698869,     0.14281996,   5.7858848572
     0.07815078,     0.03520184,     0.11335263,   4.9513278008
     0.11234539,     0.00000000,     0.11234539,   4.3528213501
     0.16652849,     0.00000000,     0.16652849,   4.2422900200
     0.15894070,     0.00000000,     0.15894070,   3.9110732079
     0.20068322,     0.00000000,     0.20068322,   3.8380887508
     0.20687658,     0.00000000,     0.20687658,   3.8016984463
     0.18706247,     0.00000000,     0.18706247,   3.6392862797
     0.19528636,     0.00000000,     0.19528636,   3.5793397427
     0.15685584,     0.00000000,     0.15685584,   3.4045512676
     0.17511500,     0.00000000,     0.17511500,   3.2487578392
     0.19214536,     0.00000000,     0.19214536,   3.1882770061
     0.19865513,     0.00000000,     0.19865513,   3.1535811424
     0.13545352,     0.00000000,     0.13545352,   2.9537308216
     0.11992209,     0.00000000,     0.11992209,   2.6043255329
     0.16604125,     0.00000000,     0.16604125,   2.5419912338
     0.14338481,     0.00000000,     0.14338481,   2.4134337902
     0.14744380,     0.00000000,     0.14744380,   2.3018889427
     0.16834262,     0.00000000,     0.16834262,   2.2637853622
     0.15656182,     0.00000000,     0.15656182,   2.1911089420
     0.17966734,     0.00000000,     0.17966734,   2.1440923214
     0.18647155,     0.00000000,     0.18647155,   2.1148066521
     0.22262904,     0.00000000,     0.22262904,   2.0921390057
     0.20189245,     0.00000000,     0.20189245,   2.0003795624
     0.21188368,     0.00000000,     0.21188368,   1.7518391609
     0.28609285,     0.00000000,     0.28609285,   1.6287755966
     0.27074739,     0.00000000,     0.27074739,   1.5884627104
     0.25647360,     0.00000000,     0.25647360,   1.5714403391
     0.21257795,     0.00000000,     0.21257795,   1.4938087463
     0.14566249,     0.00000000,     0.14566249,   1.2964208126
     0.15642557,     0.00000000,     0.15642557,   1.1052820683
     0.20240566,     0.00000000,     0.20240566,   0.9593492150
     0.20406243,     0.00000000,     0.20406243,   0.8267993331
     0.20539452,     0.00000000,     0.20539452,   0.7238397598
     0.23053306,     0.00000000,     0.23053306,   0.6608240604
     0.26072153,     0.00000000,     0.26072153,   0.6515705585
     0.23469390,     0.00000000,     0.23469390,   0.6452743411
     0.24681297,     0.00000000,     0.24681297,   0.6378710270
     0.20481385,     0.00000000,     0.20481385,   0.5948599577
     0.22771990,     0.00000000,     0.22771990,   0.5552619100
     0.26047423,     0.00000000,     0.26047423,   0.5469158888
     0.21032597,     0.00000000,     0.21032597,   0.5349714160
     0.18091957,     0.00000000,     0.18091957,   0.4818874300
     0.18894997,     0.00000000,     0.18894997,   0.4389784336
     0.18989304,     0.00000000,     0.18989304,   0.4169862866
     0.21185741,     0.00000000,     0.21185741,   0.4098129869
     0.19904269,     0.00000000,     0.19904269,   0.3890303969
     0.18996249,     0.00000000,     0.18996249,   0.3782480061
     0.13062349,     0.00000000,     0.13062349,   0.3323586881
     0.10931453,     0.00000000,     0.10931453,   0.2866924703
     0.10644167,     0.00000000,     0.10644167,   0.2550613284
     0.10955218,     0.00000000,     0.10955218,   0.2314004004
     0.11301899,     0.00000000,     0.11301899,   0.2094181925
     0.14740562,     0.00000000,     0.14740562,   0.1929420829
     0.17308183,     0.00000000,     0.17308183,   0.1875285059
     0.18835858,     0.00000000,     0.18835858,   0.1846979409
     0.17830476,     0.00000000,     0.17830476,   0.1823716760
     0.16872935,     0.00000000,     0.16872935,   0.1772617549
     0.15579976,     0.00000000,     0.15579976,   0.1626091003
     0.17881995,     0.00000000,     0.17881995,   0.1536716670
     0.19523971,     0.00000000,     0.19523971,   0.1389562786
     0.14711152,     0.00000000,     0.14711152,   0.1207093969
     0.12363747,     0.00000000,     0.12363747,   0.1028525755
     0.13188691,     0.00000000,     0.13188691,   0.0891676247
     0.19017062,     0.00000000,     0.19017062,   0.0809699744
     0.17897335,     0.00000000,     0.17897335,   0.0768859833
     0.16432220,     0.00000000,     0.16432220,   0.0685810968
     0.18597539,     0.00000000,     0.18597539,   0.0624516755
     0.19994751,     0.00000000,     0.19994751,   0.0607221536
     0.18866788,     0.00000000,     0.18866788,   0.0576999933
     0.18684110,     0.00000000,     0.18684110,   0.0525463559
     0.16291459,     0.00000000,     0.16291459,   0.0491481237
     0.16918226,     0.00000000,     0.16918226,   0.0467556007
     0.14602609,     0.00000000,     0.14602609,   0.0412880108
     0.12676060,     0.00000000,     0.12676060,   0.0354680568
     0.16211921,     0.00000000,     0.16211921,   0.0316870399
     0.18489622,     0.00000000,     0.18489622,   0.0288275629
     0.21455102,     0.00000000,     0.21455102,   0.0278723575
     0.18577112,     0.00000000,     0.18577112,   0.0267339386
     0.14941776,     0.00000000,     0.14941776,   0.0231439508
     0.24350530,     0.00000000,     0.24350530,   0.0200738311
     0.21897621,     0.00000000,     0.21897621,   0.0178212710
     0.19286823,     0.00000000,     0.19286823,   0.0154057611
     0.19129559,     0.00000000,     0.19129559,   0.0134181008
     0.17018695,     0.00000000,     0.17018695,   0.0118760429
     0.19981098,     0.00000000,     0.19981098,   0.0106539996
     0.18680932,     0.00000000,     0.18680932,   0.0094347363
     0.17565858,     0.00000000,     0.17565858,   0.0080825314
     0.20547359,     0.00000000,     0.20547359,   0.0071476898
     0.18745652,     0.00000000,     0.18745652,   0.0062876381
     0.19456244,     0.00000000,     0.19456244,   0.0055194302
     0.22000536,     0.00000000,     0.22000536,   0.0046409825
     0.19140813,     0.00000000,     0.19140813,   0.0037371505
     0.19259858,     0.00000000,     0.19259858,   0.0029380736
     0.19002546,     0.00000000,     0.19002546,   0.0022660929
     0.21419035,     0.00000000,     0.21419035,   0.0016437074
     0.23840477,     0.00000000,     0.23840477,   0.0011694053
     0.23395865,     0.00000000,     0.23395865,   0.0007145096
     0.16487215,     0.00000000,     0.16487215,   0.0002271888
     0.12798138,     0.00000000,     0.12798138,   0.0000000000
     0.12051952,     0.00000000,     0.12051952,   0.0000000000
     0.14162524,     0.00000000,     0.14162524,   0.0000000000
     0.13971655,     0.00000000,     0.13971655,   0.0000000000
     0.18251300,     0.00000000,     0.18251300,   0.0000000000
     0.14115012,     0.00000000,     0.14115012,   0.0000000000
     0.16947962,     0.00000000,     0.16947962,   0.0000000000
     0.17330498,     0.00000000,     0.17330498,   0.0000000000
     0.15282340,     0.00000000,     0.15282340,   0.0000000000
     0.14357240,     0.00000000,     0.14357240,   0.0000000000
     0.21152322,     0.00000000,     0.21152322,   0.0000000000
     0.24859272,     0.00000000,     0.24859272,   0.0000000000
     0.26934347,     0.00000000,     0.26934347,   0.0000000000
     0.18738565,     0.00000000,     0.18738565,   0.0000000000
     0.16398418,     0.00000000,     0.16398418,   0.0000000000
     0.14555018,     0.00000000,     0.14555018,   0.0000000000
     0.16097833,     0.00000000,     0.16097833,   0.0000000000
     0.18565837,     0.00000000,     0.18565837,   0.0000000000
     0.20243610,     0.00000000,     0.20243610,   0.0000000000
    -0.17102514,     0.41929293,     0.24826778,   0.0440917201
     0.00137119,     0.19132403,     0.19269522,   0.1008778811
    -0.20243557,     0.37478840,     0.17235281,   0.1478847116
    -0.23771806,     0.48678842,     0.24907038,   0.2291257530
    -0.19858569,     0.46402496,     0.26543933,   0.3185621798
    -0.23440310,     0.47275618,     0.23835309,   0.4155423045
    -0.20478813,     0.46206370,     0.25727561,   0.5097673535
    -0.14032716,     0.39592060,     0.25559345,   0.5786151290
    -0.10370266,     0.32873806,     0.22503540,   0.6224458814
    -0.15087551,     0.38744760,     0.23657207,   0.6514062285
    -0.14623833,     0.40344465,     0.25720635,   0.7224759459
    -0.12265015,     0.37126887,     0.24861871,   0.7758237720
    -0.12401860,     0.40345117,     0.27943259,   0.8463537693
    -0.05865837,     0.30714154,     0.24848317,   0.9119826555
    -0.13218831,     0.40349302,     0.27130470,   0.9757796526
    -0.09686955,     0.39317545,     0.29630589,   1.0482028723
    -0.06770056,     0.36554784,     0.29784721,   1.1155822277
    -0.11116054,     0.36661190,     0.25545138,   1.1791956425
     0.06697638,     0.18910472,     0.25608113,   1.1969143152
    -0.22163725,     0.58929521,     0.36765793,   1.2263934612
    -0.03410318,     0.30747741,     0.27337423,   1.3078550100
    -0.23957944,     0.54173970,     0.30216029,   1.3900004625
    -0.12255338,     0.40227863,     0.27972525,   1.4778292179
    -0.17259139,     0.48083061,     0.30823916,   1.5643891096
    -0.15109304,     0.43301198,     0.28191894,   1.6392970085
    -0.01924104,     0.22626995,     0.20702888,   1.5669348240
    -0.10586830,     0.30240291,     0.19653459,   1.4676903486
    -0.21759473,     0.50685149,     0.28925672,   1.4591287374
    -0.19874257,     0.47349709,     0.27475452,   1.5483916998
    -0.15300879,     0.46654516,     0.31353638,   1.6355162859
    -0.09785309,     0.45539346,     0.35754037,   1.7175198793
    -0.10082492,     0.44693357,     0.34610868,   1.7959703207
    -0.11207032,     0.41327739,     0.30120710,   1.8658419847
    -0.10964514,     0.37583029,     0.26618516,   1.8316228390
    -0.17100781,     0.38312179,     0.21211396,   1.7991365194
    -0.21929602,     0.42315105,     0.20385510,   1.8557072878
    -0.17160548,     0.42498365,     0.25337815,   1.9069453478
    -0.12870045,     0.39270529,     0.26400489,   1.9688048363
    -0.09077382,     0.39969525,     0.30892137,   2.0312161446
    -0.04771444,     0.27657610,     0.22886164,   1.9708139896
    -0.15476552,     0.33440220,     0.17963667,   1.8988773823
    -0.12733600,     0.38565627,     0.25832024,   1.9354242086
    -0.07960141,     0.37993181,     0.30033037,   1.9935185909
    -0.01997364,     0.32299501,     0.30302137,   2.0458056927
    -0.02156088,     0.32321784,     0.30165702,   2.0908548832
    -0.04965691,     0.34856871,     0.29891181,   2.1366376877
    -0.10419564,     0.30613095,     0.20193528,   2.1785922050
    -0.09785073,     0.34622550,     0.24837475,   2.2216515541
    -0.03616799,     0.25848871,     0.22232074,   2.2518866062
     0.05503757,     0.07207064,     0.12710820,   2.0345301628
    -0.03935957,     0.18325615,     0.14389656,   1.7764896154
    -0.17767569,     0.39107415,     0.21339847,   1.6713465452
    -0.12478887,     0.39447680,     0.26968792,   1.7261192799
    -0.07200294,     0.29346839,     0.22146542,   1.6833456755
    -0.11615404,     0.36953071,     0.25337672,   1.6987359524
    -0.10264739,     0.36426261,     0.26161522,   1.7521251440
    -0.11319711,     0.35262036,     0.23942325,   1.7985385656
    -0.06866995,     0.33882532,     0.27015537,   1.8479934931
    -0.07439034,     0.34369677,     0.26930645,   1.8949655294
    -0.06216663,     0.33382592,     0.27165928,   1.9430314302
    -0.04048682,     0.31273705,     0.27225018,   1.9886848927
    -0.05904739,     0.33259711,     0.27354974,   2.0280334949
     0.00491134,     0.27507201,     0.27998337,   2.0671558380
     0.00771951,     0.30278999,     0.31050950,   2.1042377949
     0.06839747,     0.25751051,     0.32590798,   2.1386256218
    -0.00534040,     0.31589785,     0.31055745,   2.1735715866
     0.13208105,     0.20932114,     0.34140214,   2.2047750950
     0.17497814,     0.20585856,     0.38083673,   2.2235374451
     0.18325216,     0.20850088,     0.39175305,   2.2419524193
     0.02253741,     0.23554286,     0.25808030,   2.2626445293
     0.12512121,     0.20595315,     0.33107433,   2.2840139866
     0.01793813,     0.29079917,     0.30873734,   2.3075416088
     0.04318194,     0.27434641,     0.31752840,   2.3411912918
     0.16427250,     0.19353892,     0.35781142,   2.3633000851
     0.01009308,     0.27505121,     0.28514427,   2.3833000660
    -0.00990436,     0.28517330,     0.27526894,   2.4149491787
    -0.00864957,     0.29348707,     0.28483748,   2.4467804432
     0.00417438,     0.39963603,     0.40381041,   2.4933910370
     0.23145995,     0.30717477,     0.53863466,   2.5450692177
     0.11529843,     0.30646083,     0.42175925,   2.5828666687
     0.10325216,     0.28276622,     0.38601840,   2.6158075333
     0.05826579,     0.30772951,     0.36599523,   2.6481544971
     0.05491155,     0.27813089,     0.33304244,   2.6800992489
     0.07834453,     0.26540136,     0.34374595,   2.7071413994
     0.24738529,     0.15111624,     0.39850152,   2.7212641239
     0.22664076,     0.17594704,     0.40258777,   2.7255666256
     0.18883148,     0.21462859,     0.40346014,   2.7367379665
     0.11857057,     0.22867322,     0.34724385,   2.7528507710
     0.08938089,     0.23671408,     0.32609501,   2.7702515125
     0.12197252,     0.22611648,     0.34808901,   2.7874515057
     0.10281251,     0.23184337,     0.33465588,   2.8038659096
    -0.04079287,     0.28135476,     0.24056196,   2.8229494095
     0.01617775,     0.25641692,     0.27259466,   2.8529009819
     0.07930244,     0.21686439,     0.29616681,   2.8697452545
     0.09301744,     0.21937977,     0.31239724,   2.8841233253
     0.11654887,     0.22046122,     0.33701009,   2.8983252048
     0.18733118,     0.23094977,     0.41828090,   2.9122138023
     0.37146711,     0.19948193,     0.57094908,   2.9249005318
     0.23721986,     0.16618721,     0.40340710,   2.9322319031
     0.15099578,     0.19156644,     0.34256223,   2.9353907108
     0.16798261,     0.16948873,     0.33747134,   2.9417972565
     0.19894046,     0.14395584,     0.34289631,   2.9426853657
     0.26079652,     0.17087243,     0.43166897,   2.9427890778
     0.38902178,     0.21059592,     0.59961778,   2.9493231773
     0.28908163,     0.15866992,     0.44775155,   2.9567472935
     0.24878547,     0.17715740,     0.42594284,   2.9588835239
     0.10330124,     0.22504242,     0.32834360,   2.9665048122
     0.09493282,     0.21891680,     0.31384963,   2.9800024033
     0.19371180,     0.16631779,     0.36002961,   2.9873270988
     0.20590615,     0.15461910,     0.36052519,   2.9871568680
     0.20350257,     0.16323270,     0.36673525,   2.9880232811
     0.13558351,     0.20286313,     0.33844668,   2.9918756485
     0.22389133,     0.16236898,     0.38626027,   2.9975199699
     0.34909779,     0.19003317,     0.53913087,   3.0004229546
     0.28713110,     0.12855010,     0.41568115,   3.0013408661
     0.22077893,     0.15497576,     0.37575474,   2.9978847504
     0.15716493,     0.18323776,     0.34040266,   2.9994976521
     0.16950396,     0.14580561,     0.31530952,   3.0002419949
     0.24230833,     0.10666768,     0.34897608,   2.9944055080
     0.21675009,     0.12836127,     0.34511137,   2.9858591557
     0.19782820,     0.15647420,     0.35430244,   2.9822506905
     0.34342268,     0.17558210,     0.51900476,   2.9839706421
     0.39097020,     0.14826807,     0.53923827,   2.9845652580
     0.21136680,     0.14983986,     0.36120665,   2.9817008972
     0.26268697,     0.10297775,     0.36566475,   2.9765663147
     0.15865794,     0.11313171,     0.27178961,   2.9659273624
     0.23815373,     0.10570131,     0.34385499,   2.9569149017
     0.23041829,     0.12251893,     0.35293728,   2.9481709003
     0.20947206,     0.11759588,     0.32706797,   2.9408936501
     0.20257859,     0.12205645,     0.32463503,   2.9329819679
     0.24573761,     0.13856564,     0.38430333,   2.9267110825
     0.32705992,     0.15662757,     0.48368746,   2.9245908260
     0.21429153,     0.12955023,     0.34384176,   2.9224255085
     0.31542772,     0.12568989,     0.44111758,   2.9168572426
     0.20579703,     0.11831049,     0.32410753,   2.9101421833
     0.27118111,     0.06882885,     0.34000996,   2.8980567455
     0.29219815,     0.06660669,     0.35880485,   2.8808329105
     0.28198391,     0.06606957,     0.34805349,   2.8633227348
     0.27024361,     0.07190873,     0.34215239,   2.8463687897
     0.19705380,     0.10102079,     0.29807463,   2.8336563110
     0.17627114,     0.11055684,     0.28682798,   2.8239469528
     0.21498612,     0.08927852,     0.30426463,   2.8140919209
     0.17467095,     0.10013864,     0.27480960,   2.8033161163
     0.16716357,     0.10517872,     0.27234229,   2.7936108112
     0.20885812,     0.08567818,     0.29453626,   2.7823119164
     0.26678866,     0.07803878,     0.34482747,   2.7692823410
     0.31301633,     0.12614441,     0.43916079,   2.7593781948
     0.19993922,     0.09429606,     0.29423526,   2.7526295185
     0.15862587,     0.10724969,     0.26587558,   2.7426986694
     0.16172938,     0.11108194,     0.27281135,   2.7351133823
     0.16305757,     0.11178669,     0.27484426,   2.7275981903
     0.14138117,     0.12775756,     0.26913878,   2.7220950127
     0.15136613,     0.12619460,     0.27756074,   2.7194232941
     0.11414363,     0.13147423,     0.24561781,   2.7166953087
     0.09289498,     0.14569487,     0.23858985,   2.7150330544
     0.11773893,     0.11421746,     0.23195641,   2.7132852077
     0.17396054,     0.08887006,     0.26283059,   2.7041952610
     0.16713296,     0.10890016,     0.27603316,   2.6951768398
     0.13545509,     0.11988938,     0.25534445,   2.6898467541
     0.26833323,     0.10151482,     0.36984807,   2.6831278801
     0.36742106,     0.11542661,     0.48284769,   2.6757893562
     0.42831513,     0.12234624,     0.55066139,   2.6715710163
     0.47660699,     0.07715915,     0.55376607,   2.6632664204
     0.18210265,     0.11208175,     0.29418445,   2.6531689167
     0.23970993,     0.06315510,     0.30286506,   2.6432626247
     0.18349457,     0.09134427,     0.27483881,   2.6299724579
     0.19090301,     0.07498576,     0.26588875,   2.6186740398
     0.19045088,     0.07032396,     0.26077479,   2.6054956913
     0.22421148,     0.05505314,     0.27926463,   2.5906746387
     0.21220423,     0.05627483,     0.26847908,   2.5737452507
     0.24058822,     0.04875331,     0.28934151,   2.5570967197
     0.20180540,     0.07033438,     0.27213976,   2.5410666466
     0.18092798,     0.06908061,     0.25000861,   2.5281894207
     0.15191440,     0.09208592,     0.24400030,   2.5165796280
     0.17097649,     0.07122413,     0.24220063,   2.5063569546
     0.17415896,     0.06695817,     0.24111712,   2.4936206341
     0.19487777,     0.05826737,     0.25314516,   2.4796280861
     0.19016723,     0.06618716,     0.25635439,   2.4650535583
     0.20418106,     0.05242086,     0.25660193,   2.4510905743
     0.17635947,     0.06205916,     0.23841862,   2.4359836578
     0.17115062,     0.06266732,     0.23381793,   2.4224429131
     0.18438105,     0.05641676,     0.24079780,   2.4087958336
     0.18543077,     0.06575041,     0.25118119,   2.3954355717
     0.19753043,     0.05815277,     0.25568321,   2.3821191788
     0.19660151,     0.05695171,     0.25355321,   2.3681893349
     0.19592118,     0.05298516,     0.24890634,   2.3535957336
     0.17551652,     0.06366505,     0.23918158,   2.3393933773
     0.18919578,     0.07466160,     0.26385733,   2.3281013966
     0.29443461,     0.06583759,     0.36027217,   2.3177735806
     0.14220583,     0.09239198,     0.23459782,   2.3085319996
     0.13009103,     0.10717782,     0.23726888,   2.3040750027
     0.15020937,     0.06928506,     0.21949443,   2.2972505093
     0.17589203,     0.05801943,     0.23391142,   2.2855243683
     0.16978589,     0.06146058,     0.23124646,   2.2733945847
     0.19779985,     0.05092407,     0.24872391,   2.2605926991
     0.21124461,     0.03998116,     0.25122580,   2.2456142902
     0.19181599,     0.04860304,     0.24041902,   2.2304666042
     0.10319054,     0.06419379,     0.16738431,   2.2156906128
     0.06419032,     0.03446358,     0.09865390,   2.0526769161
     0.04564247,     0.05393426,     0.09957673,   1.9623699188
     0.02953133,     0.12737696,     0.15690832,   1.9574100971
     0.05427470,     0.10789353,     0.16216828,   1.9608371258
     0.07248859,     0.09286248,     0.16535108,   1.9604969025
     0.07698224,     0.09032440,     0.16730668,   1.9583674669
     0.09100477,     0.07693794,     0.16794270,   1.9546954632
     0.09614738,     0.08211823,     0.17826562,   1.9499135017
     0.08062764,     0.08248045,     0.16310807,   1.9455437660
     0.08116677,     0.07985718,     0.16102396,   1.9409636259
     0.09469638,     0.07889012,     0.17358650,   1.9361233711
     0.11652141,     0.06427971,     0.18080112,   1.9297221899
     0.10957877,     0.06604712,     0.17562589,   1.9221746922
     0.10297542,     0.06469699,     0.16767243,   1.9143277407
     0.10686596,     0.06584789,     0.17271383,   1.9071218967
     0.12643172,     0.05186109,     0.17829281,   1.8986725807
     0.16108947,     0.04158508,     0.20267452,   1.8879457712
     0.17134166,     0.04445654,     0.21579820,   1.8764497042
     0.13213213,     0.06234274,     0.19447486,   1.8669074774
     0.06598220,     0.05308354,     0.11906574,   1.8579421043
     0.06769887,     0.05683856,     0.12453743,   1.8423906565
     0.10197352,     0.05155394,     0.15352744,   1.8318374157
     0.07090221,     0.07096793,     0.14187013,   1.8240599632
     0.07505231,     0.06028350,     0.13533580,   1.8174538612
     0.06889823,     0.06727987,     0.13617811,   1.8103144169
     0.06781314,     0.06337479,     0.13118793,   1.8036291599
     0.10378435,     0.04420471,     0.14798905,   1.7949630022
     0.09962575,     0.04771313,     0.14733888,   1.7846803665
     0.11851861,     0.04143579,     0.15995441,   1.7743484974
     0.11160666,     0.04649797,     0.15810463,   1.7639367580
     0.11950760,     0.03913116,     0.15863878,   1.7534210682
     0.11843345,     0.03972501,     0.15815847,   1.7422695160
     0.10595157,     0.04949576,     0.15544732,   1.7323006392
     0.07969332,     0.05351060,     0.13320391,   1.7235368490
     0.08503314,     0.05008054,     0.13511366,   1.7152159214
     0.11643706,     0.03692509,     0.15336211,   1.7053753138
     0.06968375,     0.05022210,     0.11990583,   1.6948890686
     0.05448129,     0.04433027,     0.09881154,   1.6457248926
     0.08569276,     0.04016436,     0.12585711,   1.6283683777
     0.07226707,     0.05244998,     0.12471703,   1.6197825670
     0.07894073,     0.04207363,     0.12101437,   1.6109963655
     0.09166015,     0.03750831,     0.12916845,   1.6014277935
     0.08004542,     0.04257338,     0.12261881,   1.5918284655
     0.08891685,     0.04115049,     0.13006733,   1.5827884674
     0.06051250,     0.01960474,     0.08011723,   1.5314908028
     0.04492209,     0.04490539,     0.08982748,   1.4401022196
     0.06396864,     0.01397282,     0.07794146,   1.4067474604
     0.03568062,     0.00413769,     0.03981832,   1.2301386595
     0.02515129,     0.01148621,     0.03663750,   1.0476351976
     0.03956494,     0.00000000,     0.03956494,   0.9009817839
     0.05821253,     0.00000000,     0.05821253,   0.8586546779
     0.06772127,     0.00000000,     0.06772127,   0.8361175060
     0.08133542,     0.00000000,     0.08133542,   0.8263438344
     0.07808313,     0.00000000,     0.07808313,   0.8141535521
     0.08148885,     0.00000000,     0.08148885,   0.8039836287
     0.08751012,     0.00000000,     0.08751012,   0.7952551246
     0.09926159,     0.00000000,     0.09926159,   0.7867597342
     0.09702490,     0.00000000,     0.09702490,   0.7783498764
     0.10042467,     0.00000000,     0.10042467,   0.7700246572
     0.10117999,     0.00000000,     0.10117999,   0.7617847919
     0.09631660,     0.00000000,     0.09631660,   0.7536338568
     0.09167878,     0.00000000,     0.09167878,   0.7442423105
     0.06638764,     0.00000000,     0.06638764,   0.6900950074
     0.06369182,     0.00000000,     0.06369182,   0.6357256770
     0.06627704,     0.00000000,     0.06627704,   0.6192087531
     0.05851863,     0.00000000,     0.05851863,   0.5760668516
     0.07325476,     0.00000000,     0.07325476,   0.5640119910
     0.06906831,     0.00000000,     0.06906831,   0.5407180190
     0.07883836,     0.00000000,     0.07883836,   0.5309450626
     0.08168556,     0.00000000,     0.08168556,   0.5250435472
     0.09613005,     0.00000000,     0.09613005,   0.5193509459
     0.10798693,     0.00000000,     0.10798693,   0.5137417316
     0.08505833,     0.00000000,     0.08505833,   0.5079668760
     0.07068007,     0.00000000,     0.07068007,   0.4983313978
     0.06218287,     0.00000000,     0.06218287,   0.4857736528
     0.05697645,     0.00000000,     0.05697645,   0.4725648463
     0.05921744,     0.00000000,     0.05921744,   0.4638227522
     0.05579985,     0.00000000,     0.05579985,   0.4229039550
     0.05955169,     0.00000000,     0.05955169,   0.4074482918
     0.05394399,     0.00000000,     0.05394399,   0.3775110841
     0.04628055,     0.00000000,     0.04628055,   0.3401460052
     0.04750283,     0.00000000,     0.04750283,   0.3014763594
     0.04885379,     0.00000000,     0.04885379,   0.2706078887
     0.05334030,     0.00000000,     0.05334030,   0.2583433092
     0.04340719,     0.00000000,     0.04340719,   0.2278305292
     0.04192628,     0.00000000,     0.04192628,   0.1973368078
     0.04701354,     0.00000000,     0.04701354,   0.1774213314
     0.05332839,     0.00000000,     0.05332839,   0.1637384444
     0.05522199,     0.00000000,     0.05522199,   0.1503297985
     0.05850431,     0.00000000,     0.05850431,   0.1420674473
     0.06241127,     0.00000000,     0.06241127,   0.1358189434
     0.06467037,     0.00000000,     0.06467037,   0.1318780184
     0.05610189,     0.00000000,     0.05610189,   0.1297259033
     0.04945875,     0.00000000,     0.04945875,   0.1203507930
     0.04389687,     0.00000000,     0.04389687,   0.1063840762
     0.04205294,     0.00000000,     0.04205294,   0.0924316794
     0.03690064,     0.00000000,     0.03690064,   0.0813749433
     0.03722656,     0.00000000,     0.03722656,   0.0712657198
     0.03469772,     0.00000000,     0.03469772,   0.0618755519
     0.03522098,     0.00000000,     0.03522098,   0.0556218140
     0.04781359,     0.00000000,     0.04781359,   0.0535614677
     0.04788315,     0.00000000,     0.04788315,   0.0484781638
     0.05209616,     0.00000000,     0.05209616,   0.0451245122
     0.06161535,     0.00000000,     0.06161535,   0.0440034382
     0.06227883,     0.00000000,     0.06227883,   0.0422307402
     0.05226898,     0.00000000,     0.05226898,   0.0399519280
     0.03648338,     0.00000000,     0.03648338,   0.0352102742
     0.04777375,     0.00000000,     0.04777375,   0.0318363346
     0.05731110,     0.00000000,     0.05731110,   0.0293812156
     0.06139227,     0.00000000,     0.06139227,   0.0287392959
     0.04821344,     0.00000000,     0.04821344,   0.0265300386
     0.04969225,     0.00000000,     0.04969225,   0.0235452354
     0.04218499,     0.00000000,     0.04218499,   0.0207279418
     0.03538686,     0.00000000,     0.03538686,   0.0180140641
     0.03752949,     0.00000000,     0.03752949,   0.0157610700
     0.03700130,     0.00000000,     0.03700130,   0.0139734326
     0.04553781,     0.00000000,     0.04553781,   0.0127645265
     0.05176885,     0.00000000,     0.05176885,   0.0120135685
     0.05860704,     0.00000000,     0.05860704,   0.0115897730
     0.05038197,     0.00000000,     0.05038197,   0.0105594192
     0.04709611,     0.00000000,     0.04709611,   0.0093104588
     0.04433713,     0.00000000,     0.04433713,   0.0081960512
     0.03691498,     0.00000000,     0.03691498,   0.0069857370
     0.03287381,     0.00000000,     0.03287381,   0.0057457630
     0.03762579,     0.00000000,     0.03762579,   0.0046670539
     0.04676196,     0.00000000,     0.04676196,   0.0038726404
     0.06341081,     0.00000000,     0.06341081,   0.0033954824
     0.06273539,     0.00000000,     0.06273539,   0.0031346784
     0.04786518,     0.00000000,     0.04786518,   0.0026305085
     0.04260339,     0.00000000,     0.04260339,   0.0021736387
     0.04900017,     0.00000000,     0.04900017,   0.0017957151
     0.04935013,     0.00000000,     0.04935013,   0.0015376295
     0.04202819,     0.00000000,     0.04202819,   0.0011928740
     0.05560510,     0.00000000,     0.05560510,   0.0008405925
     0.06935330,     0.00000000,     0.06935330,   0.0005984920
     0.07323463,     0.00000000,     0.07323463,   0.0003857271
     0.07735843,     0.00000000,     0.07735843,   0.0001887559
     0.06358115,     0.00000000,     0.06358115,   0.0000264108
     0.06235154,     0.00000000,     0.06235154,   0.0000000000
     0.05653404,     0.00000000,     0.05653404,   0.0000000000
     0.05465772,     0.00000000,     0.05465772,   0.0000000000
     0.06908444,     0.00000000,     0.06908444,   0.0000000000
     0.07639133,     0.00000000,     0.07639133,   0.0000000000
     0.08006045,     0.00000000,     0.08006045,   0.0000000000
     0.06985026,     0.00000000,     0.06985026,   0.0000000000
     0.07652738,     0.00000000,     0.07652738,   0.0000000000
     0.09287972,     0.00000000,     0.09287972,   0.0000000000
     0.09483477,     0.00000000,     0.09483477,   0.0000000000
     0.07920280,     0.00000000,     0.07920280,   0.0000000000
     0.06523720,     0.00000000,     0.06523720,   0.0000000000
     0.06581226,     0.00000000,     0.06581226,   0.0000000000
     0.07210074,     0.00000000,     0.07210074,   0.0000000000
     0.07270350,     0.00000000,     0.07270350,   0.0000000000
     0.07613676,     0.00000000,     0.07613676,   0.0000000000
     0.06078248,     0.00000000,     0.06078248,   0.0000000000
     0.05752949,     0.00000000,     0.05752949,   0.0000000000
     0.03721983,     0.00000000,     0.03721983,   0.0000000000
     0.03252966,     0.00000000,     0.03252966,   0.0000000000
     0.03079578,     0.00000000,     0.03079578,   0.0000000000
     0.02966291,     0.00000000,     0.02966291,   0.0000000000
     0.04415523,     0.00000000,     0.04415523,   0.0000000000
     0.04863579,     0.00000000,     0.04863579,   0.0000000000
     0.04619021,     0.00000000,     0.04619021,   0.0000000000
     0.04352464,     0.00000000,     0.04352464,   0.0000000000
     0.04185206,     0.00000000,     0.04185206,   0.0000000000
     0.04137487,     0.00000000,     0.04137487,   0.0000000000
     0.06326333,     0.00000000,     0.06326333,   0.0000000000
     0.07763317,     0.00000000,     0.07763317,   0.0000000000
    -0.07644968,     0.16347964,     0.08702996,   0.0152394027
    -0.03709470,     0.10221298,     0.06511830,   0.0378044620
    -0.12642880,     0.21097007,     0.08454122,   0.0636239350
    -0.11660693,     0.20868208,     0.09207511,   0.1015996113
    -0.05177992,     0.12484837,     0.07306843,   0.1254397482
    -0.11150049,     0.17120630,     0.05970580,   0.1403329670
    -0.13974120,     0.22156924,     0.08182802,   0.1652706265
    -0.12754379,     0.22288688,     0.09534311,   0.2027210891
    -0.10288557,     0.20600760,     0.10312203,   0.2412701398
    -0.10299110,     0.18986173,     0.08687064,   0.2701385319
    -0.10658893,     0.19886862,     0.09227969,   0.2940092385
    -0.11015778,     0.21397676,     0.10381899,   0.3280687332
    -0.10552397,     0.21499641,     0.10947245,   0.3650220037
    -0.09342330,     0.20680670,     0.11338340,   0.4013342559
    -0.06722679,     0.17081118,     0.10358440,   0.4320391119
    -0.07681321,     0.16940096,     0.09258775,   0.4426272213
    -0.09266278,     0.18826389,     0.09560112,   0.4695483446
    -0.10517894,     0.20984514,     0.10466620,   0.5000376105
    -0.11317027,     0.23780917,     0.12463887,   0.5014259815
    -0.19488361,     0.33205020,     0.13716660,   0.5149046779
    -0.17669749,     0.31779593,     0.14109847,   0.5725727081
    -0.10492054,     0.22044295,     0.11552240,   0.5848685503
    -0.15513289,     0.27289996,     0.11776704,   0.5911084414
    -0.13854203,     0.25874737,     0.12020531,   0.6139004230
    -0.14098749,     0.27705905,     0.13607152,   0.6570885777
    -0.12652349,     0.27184799,     0.14532447,   0.7034929991
     0.00409126,     0.08846106,     0.09255233,   0.7006333470
    -0.17764801,     0.30536205,     0.12771398,   0.6637930870
    -0.04934304,     0.15116391,     0.10182087,   0.6346078515
    -0.28057289,     0.39427069,     0.11369777,   0.6134439111
    -0.25244451,     0.40050089,     0.14805639,   0.6751974225
    -0.24209860,     0.39211097,     0.15001236,   0.7279128432
    -0.20481692,     0.36428133,     0.15946442,   0.7753536701
    -0.17633317,     0.35926679,     0.18293360,   0.8401077986
    -0.10200351,     0.25352266,     0.15151916,   0.8797909617
    -0.12241206,     0.24261437,     0.12020234,   0.8658354878
    -0.14313224,     0.27527061,     0.13213839,   0.8965698481
    -0.14060260,     0.28753844,     0.14693582,   0.9428365231
    -0.10027225,     0.25387448,     0.15360221,   0.9856432080
    -0.09447139,     0.25517550,     0.16070412,   1.0245863199
    -0.07124873,     0.23374940,     0.16250068,   1.0606909990
    -0.09186601,     0.25746700,     0.16560102,   1.0969954729
    -0.10035849,     0.24356614,     0.14320765,   1.1320096254
    -0.09085089,     0.23339620,     0.14254531,   1.1654756069
    -0.08703347,     0.23073988,     0.14370641,   1.1975979805
    -0.08491214,     0.20963863,     0.12472650,   1.1923800707
    -0.06539033,     0.20276970,     0.13737938,   1.2148138285
    -0.06619771,     0.18523628,     0.11903857,   1.2226284742
    -0.06799088,     0.17361876,     0.10562788,   1.2123608589
    -0.05997708,     0.15513551,     0.09515845,   1.1993521452
    -0.01403183,     0.09071673,     0.07668491,   1.2045508623
    -0.05473069,     0.14338121,     0.08865052,   1.1920635700
    -0.00753008,     0.06868348,     0.06115339,   1.1012639999
    -0.10285999,     0.18653104,     0.08367103,   1.0392345190
    -0.12674138,     0.23277512,     0.10603373,   1.0330499411
    -0.01832447,     0.08612746,     0.06780299,   0.9714046121
    -0.05490409,     0.13372009,     0.07881600,   0.9001142383
    -0.11757507,     0.19067308,     0.07309801,   0.8801252246
    -0.12043917,     0.21766230,     0.09722312,   0.9019147158
    -0.10490756,     0.22150983,     0.11660227,   0.9241084456
    -0.04456750,     0.19278137,     0.14821386,   0.9529368877
    -0.07526698,     0.20403852,     0.12877154,   0.9799656868
    -0.06708737,     0.19789483,     0.13080744,   1.0061506033
    -0.03104293,     0.12925206,     0.09820911,   1.0281482935
    -0.10854619,     0.23695728,     0.12841107,   1.0506168604
    -0.09330142,     0.23060353,     0.13730210,   1.0833337307
    -0.04205716,     0.19245963,     0.15040244,   1.1126132011
    -0.04006274,     0.16751815,     0.12745541,   1.1343530416
    -0.01010949,     0.11192966,     0.10182017,   1.1478667259
    -0.09758034,     0.20967877,     0.11209845,   1.1573048830
    -0.08591117,     0.22629789,     0.14038670,   1.1892389059
    -0.09129690,     0.24026410,     0.14896719,   1.2206622362
    -0.07492767,     0.23461612,     0.15968847,   1.2531841993
    -0.04277468,     0.21534047,     0.17256580,   1.2832963467
    -0.03756040,     0.21374370,     0.17618328,   1.3102309704
     0.02685504,     0.18121549,     0.20807056,   1.3326617479
     0.00049809,     0.10720242,     0.10770051,   1.3483352661
    -0.03125767,     0.11701244,     0.08575477,   1.3452863693
    -0.10940832,     0.20940943,     0.10000111,   1.3609842062
    -0.05205275,     0.19806105,     0.14600831,   1.3875664473
    -0.05356734,     0.21313857,     0.15957125,   1.4118273258
    -0.03082655,     0.19219740,     0.16137083,   1.4350641966
    -0.03562199,     0.18756162,     0.15193960,   1.4574929476
    -0.10764989,     0.26176924,     0.15411936,   1.4850403070
    -0.07378498,     0.23595665,     0.16217169,   1.5167392492
    -0.06980811,     0.31723872,     0.24743062,   1.5595301390
    -0.12088189,     0.33608809,     0.21520618,   1.6074061394
    -0.10739643,     0.31347504,     0.20607862,   1.6546323299
    -0.08763428,     0.26247150,     0.17483720,   1.6965693235
    -0.03928654,     0.25145760,     0.21217105,   1.7305380106
     0.00470067,     0.20209774,     0.20679843,   1.7571846247
    -0.06631351,     0.26134074,     0.19502728,   1.7832298279
    -0.00613800,     0.20398757,     0.19784956,   1.8093715906
    -0.05548029,     0.24273546,     0.18725519,   1.8330408335
    -0.01805257,     0.21316253,     0.19510993,   1.8584115505
    -0.04925842,     0.20552409,     0.15626565,   1.8776564598
    -0.01460906,     0.12712729,     0.11251823,   1.8905566931
    -0.07918067,     0.20831212,     0.12913147,   1.9026901722
    -0.02423704,     0.20223078,     0.17799373,   1.9219828844
     0.05994439,     0.18547307,     0.24541745,   1.9395868778
     0.04528391,     0.15808696,     0.20337087,   1.9521846771
     0.09115475,     0.13927414,     0.23042887,   1.9594333172
     0.14679140,     0.15679978,     0.30359113,   1.9662678242
     0.08025396,     0.13054724,     0.21080123,   1.9735525846
     0.11491055,     0.10286129,     0.21777184,   1.9754164219
     0.14096832,     0.08854105,     0.22950938,   1.9725161791
     0.16016300,     0.07668233,     0.23684531,   1.9669517279
     0.14184964,     0.09837189,     0.24022152,   1.9622874260
     0.08717000,     0.10954409,     0.19671407,   1.9620510340
     0.11262649,     0.10142322,     0.21404970,   1.9605143070
     0.14033522,     0.09007634,     0.23041157,   1.9574298859
     0.14708814,     0.09041101,     0.23749915,   1.9529376030
     0.16544235,     0.07760868,     0.24305104,   1.9480704069
     0.17511588,     0.07814861,     0.25326452,   1.9418971539
     0.17032608,     0.07881798,     0.24914406,   1.9356918335
     0.13985594,     0.09296936,     0.23282528,   1.9305846691
     0.16979092,     0.06520553,     0.23499644,   1.9252785444
     0.03733400,     0.14495076,     0.18228479,   1.9227316380
     0.08517230,     0.10754654,     0.19271885,   1.9273761511
     0.15748988,     0.06713741,     0.22462729,   1.9227161407
     0.10141695,     0.10715272,     0.20856969,   1.9179017544
     0.11829142,     0.08796173,     0.20625316,   1.9158837795
     0.03649640,     0.17019626,     0.20669267,   1.9184051752
    -0.01527784,     0.16819483,     0.15291701,   1.9316778183
    -0.06299172,     0.22340721,     0.16041549,   1.9476124048
    -0.06035336,     0.22496210,     0.16460875,   1.9733852148
    -0.14387135,     0.33483276,     0.19096139,   2.0105643272
    -0.05478047,     0.27653921,     0.22175875,   2.0560593605
    -0.04171859,     0.25965080,     0.21793221,   2.0878620148
     0.00272916,     0.22699825,     0.22972742,   2.1162958145
     0.06754864,     0.15536851,     0.22291711,   2.1318931580
     0.07657807,     0.14506747,     0.22164552,   2.1390180588
     0.03378129,     0.17426643,     0.20804772,   2.1481583118
     0.00318111,     0.18448073,     0.18766183,   2.1606960297
     0.08694041,     0.12018078,     0.20712118,   2.1676433086
     0.13192269,     0.09038088,     0.22230357,   2.1648490429
     0.11278938,     0.11723640,     0.23002577,   2.1618974209
     0.04679155,     0.15447438,     0.20126593,   2.1652412415
     0.07019203,     0.11954936,     0.18974140,   2.1685767174
     0.07692244,     0.12488115,     0.20180358,   2.1683940887
     0.06860180,     0.12634397,     0.19494575,   2.1687157154
     0.07283536,     0.10891083,     0.18174621,   2.1684737206
     0.08433198,     0.09652346,     0.18085544,   2.1652734280
     0.08962920,     0.09834734,     0.18797652,   2.1604499817
     0.09049772,     0.09910440,     0.18960212,   2.1563827991
     0.09470242,     0.09398643,     0.18868886,   2.1517393589
     0.07307849,     0.09750177,     0.17058028,   2.1470561028
     0.08137923,     0.10774776,     0.18912700,   2.1434535980
     0.10113811,     0.09729651,     0.19843465,   2.1400911808
     0.07872348,     0.09482186,     0.17354535,   2.1353607178
     0.10012440,     0.08225126,     0.18237567,   2.1290364265
     0.08666942,     0.09951637,     0.18618579,   2.1233007908
     0.15689343,     0.06929217,     0.22618562,   2.1170883179
     0.13148144,     0.20650727,     0.33798867,   2.1265766621
     0.15941773,     0.13292316,     0.29234087,   2.1407198906
     0.13219932,     0.14120285,     0.27340218,   2.1461219788
     0.14470282,     0.11951751,     0.26422030,   2.1495928764
     0.12629956,     0.18531819,     0.31161773,   2.1554589272
    -0.05040774,     0.36222911,     0.31182134,   2.1934523582
     0.01115237,     0.26894400,     0.28009635,   2.2439780235
     0.02576168,     0.24775471,     0.27351636,   2.2756357193
    -0.02088655,     0.27714768,     0.25626108,   2.3079004288
     0.09026396,     0.15109055,     0.24135454,   2.3312523365
     0.13068429,     0.10989664,     0.24058095,   2.3333952427
     0.17845663,     0.08702508,     0.26548177,   2.3293550014
     0.13329293,     0.10271848,     0.23601142,   2.3242013454
     0.17959303,     0.07035904,     0.24995208,   2.3172736168
     0.16253868,     0.08447333,     0.24701199,   2.3081741333
     0.14757185,     0.08324169,     0.23081350,   2.3000674248
     0.09801894,     0.10335553,     0.20137447,   2.2946767807
     0.00132749,     0.17465097,     0.17597848,   2.2968018055
     0.04290733,     0.14095218,     0.18385950,   2.3057875633
     0.06837634,     0.11748055,     0.18585691,   2.3066439629
     0.03315291,     0.13354775,     0.16670066,   2.3065595627
     0.08494844,     0.08863361,     0.17358206,   2.3045656681
     0.11585018,     0.07927830,     0.19512850,   2.2967443466
     0.12812914,     0.08119275,     0.20932190,   2.2880523205
     0.13748424,     0.06713082,     0.20461506,   2.2784557343
     0.10054763,     0.09318857,     0.19373620,   2.2697238922
     0.09385014,     0.09376378,     0.18761393,   2.2629175186
     0.14178993,     0.05913639,     0.20092630,   2.2546591759
     0.16847751,     0.05306078,     0.22153829,   2.2418885231
     0.17112462,     0.04709087,     0.21821548,   2.2277901173
     0.14272133,     0.07902842,     0.22174974,   2.2162804604
     0.17948936,     0.06078178,     0.24027115,   2.2065539360
     0.22310776,     0.08605017,     0.30915794,   2.1964893341
     0.09638286,     0.08765345,     0.18403631,   2.1903069019
     0.08154684,     0.11119903,     0.19274589,   2.1869993210
     0.12775972,     0.06388891,     0.19164865,   2.1809065342
     0.18662691,     0.11747548,     0.30410239,   2.1750802994
     0.30086103,     0.15363620,     0.45449722,   2.1864113808
     0.14248034,     0.12371465,     0.26619497,   2.1935973167
     0.09521339,     0.13509896,     0.23031235,   2.1966569424
     0.09205164,     0.10477759,     0.19682923,   2.1987938881
     0.13707003,     0.07949138,     0.21656139,   2.1941912174
     0.15775663,     0.06361248,     0.22136910,   2.1858375072
     0.11149809,     0.08471628,     0.19621435,   2.1777420044
     0.15184599,     0.05056294,     0.20240892,   2.1685204506
     0.16985910,     0.04383020,     0.21368930,   2.1550025940
     0.18162069,     0.04388082,     0.22550151,   2.1409358978
     0.15450178,     0.05220722,     0.20670900,   2.1277930737
     0.13306186,     0.06256823,     0.19563010,   2.1165153980
     0.11821486,     0.06442948,     0.18264435,   2.1060352325
     0.08937614,     0.07418425,     0.16356041,   2.0973188877
     0.11873920,     0.05118917,     0.16992837,   2.0871694088
     0.11352618,     0.05771796,     0.17124411,   2.0753514767
     0.10013527,     0.05549032,     0.15562560,   2.0642168522
     0.11001881,     0.05936612,     0.16938496,   2.0533621311
     0.09573792,     0.07020450,     0.16594242,   2.0436289310
     0.04641201,     0.07779992,     0.12421192,   2.0356638432
     0.06081144,     0.06619611,     0.12700754,   2.0279448032
     0.06819323,     0.06129687,     0.12949009,   2.0182998180
     0.08286692,     0.05622112,     0.13908806,   2.0081465244
     0.07450155,     0.05873179,     0.13323335,   1.9974744320
     0.08898669,     0.05498933,     0.14397602,   1.9870605469
     0.06041307,     0.07142304,     0.13183610,   1.9777410030
     0.04952496,     0.07273591,     0.12226088,   1.9701853991
     0.06962523,     0.05521853,     0.12484377,   1.9613829851
     0.05415645,     0.05069468,     0.10485112,   1.9506824017
     0.03618887,     0.06891994,     0.10510882,   1.9413518906
    -0.00874992,     0.19214517,     0.18339527,   1.9509344101
     0.03657439,     0.15891549,     0.19548987,   1.9712133408
     0.05520702,     0.11652651,     0.17173354,   1.9807435274
     0.05607964,     0.09595916,     0.15203881,   1.9826486111
     0.03545311,     0.10171799,     0.13717110,   1.9820188284
     0.04924024,     0.08590598,     0.13514620,   1.9805186987
     0.06406063,     0.08071199,     0.14477263,   1.9764636755
     0.07120769,     0.08484887,     0.15605657,   1.9725555182
     0.05773963,     0.05450871,     0.11224834,   1.9652841091
     0.01740630,     0.10100799,     0.11841429,   1.9608906507
     0.02656856,     0.08881029,     0.11537886,   1.9593354464
     0.01674686,     0.08231291,     0.09905978,   1.9091776609
     0.01371135,     0.08367568,     0.09738702,   1.8911224604
     0.01534220,     0.07251088,     0.08785309,   1.8596645594
     0.01471194,     0.07509969,     0.08981165,   1.8461344242
     0.02043558,     0.07498396,     0.09541953,   1.8386964798
     0.03833690,     0.07150204,     0.10983896,   1.8331032991
     0.03922862,     0.07375123,     0.11297985,   1.8281707764
     0.02882078,     0.06600062,     0.09482139,   1.8222155571
     0.02697948,     0.06579503,     0.09277451,   1.8149979115
     0.04019995,     0.05528345,     0.09548340,   1.8068892956
     0.03950701,     0.06496164,     0.10446864,   1.7993100882
     0.04150918,     0.06084975,     0.10235893,   1.7923996449
     0.05743093,     0.05112024,     0.10855117,   1.7842808962
     0.04882927,     0.05995012,     0.10877940,   1.7761944532
     0.02916198,     0.05249412,     0.08165609,   1.7388437986
     0.02275816,     0.05282487,     0.07558303,   1.7095420361
     0.02329370,     0.05625404,     0.07954775,   1.6905118227
     0.04308210,     0.04731680,     0.09039890,   1.6814064980
     0.03171748,     0.04312072,     0.07483820,   1.6658709049
     0.01981613,     0.05060816,     0.07042429,   1.6242628098
     0.03361038,     0.02015871,     0.05376909,   1.5831359625
     0.01336113,     0.04568227,     0.05904340,   1.5006635189
     0.01790367,     0.05113042,     0.06903409,   1.4820908308
     0.03362404,     0.04572577,     0.07934980,   1.4750612974
     0.03638190,     0.04722397,     0.08360587,   1.4681321383
     0.04753174,     0.04307474,     0.09060648,   1.4611304998
     0.04564731,     0.04663965,     0.09228697,   1.4540119171
     0.03357047,     0.05004262,     0.08361308,   1.4474911690
     0.03488115,     0.04710415,     0.08198531,   1.4411829710
     0.03007579,     0.04033901,     0.07041479,   1.4227017164
     0.03207163,     0.03069908,     0.06277072,   1.3917549849
     0.02491067,     0.04510402,     0.07001469,   1.3321795464
     0.03129496,     0.04205330,     0.07334827,   1.3228012323
     0.04004589,     0.04356463,     0.08361053,   1.3168047667
     0.03510160,     0.04599624,     0.08109784,   1.3111854792
     0.03935350,     0.02748405,     0.06683754,   1.2978070974
     0.02772175,     0.02117274,     0.04889449,   1.1894519329
     0.02004161,     0.04232504,     0.06236665,   1.1608018875
     0.02493989,     0.04394084,     0.06888072,   1.1565990448
     0.02705457,     0.03410070,     0.06115527,   1.1454483271
     0.01908626,     0.04232575,     0.06141201,   1.1078469753
     0.02251483,     0.04225754,     0.06477237,   1.0963534117
     0.03265030,     0.02819573,     0.06084604,   1.0902049541
     0.02535377,     0.02539530,     0.05074906,   1.0239456892
     0.01563502,     0.03920135,     0.05483637,   0.9530448914
     0.02170200,     0.03811773,     0.05981972,   0.9385777712
     0.02129199,     0.03977279,     0.06106478,   0.9157777429
     0.03021638,     0.04039574,     0.07061212,   0.9103435278
     0.03047452,     0.04060797,     0.07108248,   0.9082196951
     0.03032375,     0.04039104,     0.07071480,   0.9061009288
     0.03284649,     0.03658286,     0.06942936,   0.9018363953
     0.02990732,     0.03876587,     0.06867319,   0.8988707066
     0.02754712,     0.03386727,     0.06141439,   0.8733018041
     0.03239285,     0.03716710,     0.06955995,   0.8656213880
     0.03546499,     0.01239906,     0.04786406,   0.8013520241
     0.05209967,     0.00000000,     0.05209967,   0.7604511976
     0.05087346,     0.00000000,     0.05087346,   0.7239130735
     0.05577780,     0.00000000,     0.05577780,   0.7106026411
     0.05420917,     0.00000000,     0.05420917,   0.6981745362
     0.04024043,     0.00000000,     0.04024043,   0.6339573264
     0.05032862,     0.00000000,     0.05032862,   0.6088508368
     0.05522690,     0.00000000,     0.05522690,   0.6009650230
     0.05725831,     0.00000000,     0.05725831,   0.5943897963
     0.05776082,     0.00000000,     0.05776082,   0.5879142284
     0.04641847,     0.00000000,     0.04641847,   0.5531086922
     0.05003706,     0.00000000,     0.05003706,   0.5368726850
     0.03833825,     0.00000000,     0.03833825,   0.4868755043
     0.03175509,     0.00000000,     0.03175509,   0.4338594079
     0.04282030,     0.00000000,     0.04282030,   0.4061425626
     0.04760601,     0.00000000,     0.04760601,   0.3895369470
     0.05075348,     0.00000000,     0.05075348,   0.3824685812
     0.05788872,     0.00000000,     0.05788872,   0.3781901300
     0.06011386,     0.00000000,     0.06011386,   0.3740364313
     0.05576579,     0.00000000,     0.05576579,   0.3698685169
     0.05959743,     0.00000000,     0.05959743,   0.3657350540
     0.04982537,     0.00000000,     0.04982537,   0.3567077219
     0.04823473,     0.00000000,     0.04823473,   0.3443171084
     0.04577396,     0.00000000,     0.04577396,   0.3209801018
     0.04529637,     0.00000000,     0.04529637,   0.2955000997
     0.04236718,     0.00000000,     0.04236718,   0.2795258462
